0,10,3.4827368021011353,0.14375
0,20,3.095272588729858,0.271875
0,30,2.821600079536438,0.315625
0,40,2.6801344871521,0.3875
0,50,2.411317729949951,0.41875
0,60,2.280479335784912,0.421875
0,70,2.3416949987411497,0.4125
0,80,2.279512333869934,0.4375
0,90,2.2036702990531922,0.390625
0,100,2.04299281835556,0.496875
0,110,2.0256060123443604,0.49375
0,120,2.077675437927246,0.446875
0,130,1.9558420419692992,0.478125
0,140,1.809099054336548,0.5
0,150,1.9616922855377197,0.478125
0,160,1.7110241413116456,0.55625
0,170,1.7918339610099792,0.534375
0,180,1.6784056067466735,0.546875
0,190,1.6762403130531311,0.546875
0,200,1.678570556640625,0.51875
0,210,1.8293814063072205,0.534375
0,220,1.647838866710663,0.546875
0,230,1.595891010761261,0.565625
0,240,1.7815191745758057,0.509375
0,250,1.591266894340515,0.546875
0,260,1.3359357833862304,0.65
0,270,1.4676749944686889,0.625
0,280,1.6537994980812072,0.528125
0,290,1.5154735565185546,0.609375
0,300,1.4863117694854737,0.584375
1,10,1.4421787142753602,0.58125
1,20,1.3236575841903686,0.61875
1,30,1.4455511331558228,0.584375
1,40,1.2668366849422454,0.690625
1,50,1.353195345401764,0.6
1,60,1.53056800365448,0.56875
1,70,1.4288034915924073,0.615625
1,80,1.3065747797489167,0.596875
1,90,1.3633503675460816,0.646875
1,100,1.3693457126617432,0.6375
1,110,1.2937562465667725,0.65625
1,120,1.139841502904892,0.70625
1,130,1.29944669008255,0.671875
1,140,1.346106117963791,0.603125
1,150,1.1741105437278747,0.6375
1,160,1.240481162071228,0.6625
1,170,1.3306113481521606,0.609375
1,180,1.229930144548416,0.63125
1,190,1.1985980212688445,0.65
1,200,1.2983948111534118,0.634375
1,210,1.1176538288593292,0.678125
1,220,1.3513076782226563,0.646875
1,230,1.0133933126926422,0.746875
1,240,1.0410816192626953,0.70625
1,250,1.2551483273506165,0.640625
1,260,1.1779864311218262,0.678125
1,270,1.0243388414382935,0.74375
1,280,1.0870872259140014,0.7
1,290,1.0896172225475311,0.753125
1,300,1.1358800649642944,0.66875
2,10,1.1919226169586181,0.653125
2,20,1.068218356370926,0.69375
2,30,0.9140989363193512,0.753125
2,40,1.0921148478984832,0.709375
2,50,1.0060745894908905,0.71875
2,60,1.0648120105266572,0.7
2,70,0.9869539082050324,0.70625
2,80,0.9605957925319671,0.7375
2,90,0.9474551141262054,0.75
2,100,0.9218463718891143,0.740625
2,110,0.9592250108718872,0.73125
2,120,1.090618860721588,0.68125
2,130,1.0836977303028106,0.721875
2,140,1.069183772802353,0.709375
2,150,1.113134777545929,0.675
2,160,1.0372162163257599,0.7125
2,170,1.1336571335792542,0.7
2,180,0.9755174189805984,0.70625
2,190,1.0497841238975525,0.70625
2,200,0.9896270871162415,0.7375
2,210,0.8300169408321381,0.778125
2,220,0.9573907673358917,0.746875
2,230,1.1036770224571228,0.715625
2,240,1.0519924938678742,0.70625
2,250,1.1380000352859496,0.675
2,260,0.9501401960849762,0.709375
2,270,0.9461225092411041,0.753125
2,280,0.8901554197072983,0.765625
2,290,0.9718484103679657,0.725
2,300,0.8892129302024842,0.76875
3,10,0.8423210978507996,0.76875
3,20,0.8549755036830902,0.7625
3,30,0.9509703934192657,0.734375
3,40,0.7263912618160248,0.7875
3,50,0.8489709228277207,0.771875
3,60,0.9225818753242493,0.753125
3,70,0.8913889616727829,0.75
3,80,0.9047257542610169,0.746875
3,90,0.9443656980991364,0.70625
3,100,0.87032909989357,0.75625
3,110,0.7563930571079254,0.78125
3,120,0.8072423994541168,0.771875
3,130,0.9090362310409545,0.734375
3,140,0.7777170240879059,0.7875
3,150,0.9361006021499634,0.746875
3,160,0.8650559991598129,0.76875
3,170,0.9050642549991608,0.759375
3,180,0.8678907811641693,0.746875
3,190,0.8094859182834625,0.7625
3,200,0.8997733473777771,0.75
3,210,0.7428133457899093,0.790625
3,220,0.7873655021190643,0.7875
3,230,0.8677099645137787,0.759375
3,240,0.8644874155521393,0.778125
3,250,0.7843611598014831,0.784375
3,260,0.8952932476997375,0.73125
3,270,0.792729651927948,0.784375
3,280,0.7767549872398376,0.771875
3,290,0.8587180078029633,0.759375
3,300,0.7531114995479584,0.8
4,10,0.7411669671535492,0.79375
4,20,0.802376264333725,0.78125
4,30,0.7284619748592377,0.784375
4,40,0.7986531674861908,0.784375
4,50,0.6726916432380676,0.796875
4,60,0.859435522556305,0.765625
4,70,0.798675125837326,0.76875
4,80,0.6568506687879563,0.83125
4,90,0.6689825564622879,0.83125
4,100,0.772208908200264,0.8125
4,110,0.6726288259029388,0.81875
4,120,0.6773486852645874,0.8125
4,130,0.8044366210699081,0.784375
4,140,0.7594039887189865,0.778125
4,150,0.7676221132278442,0.778125
4,160,0.6420337617397308,0.825
4,170,0.7900794565677642,0.76875
4,180,0.7329978257417679,0.80625
4,190,0.6861001759767532,0.796875
4,200,0.8907770395278931,0.75
4,210,0.8741401314735413,0.740625
4,220,0.7578526377677918,0.771875
4,230,0.7301108002662658,0.796875
4,240,0.8210545659065247,0.771875
4,250,0.7815635085105896,0.759375
4,260,0.6814972013235092,0.83125
4,270,0.8461353778839111,0.759375
4,280,0.7921071708202362,0.78125
4,290,0.7931337594985962,0.759375
4,300,0.9008566826581955,0.75625
5,10,0.6894285589456558,0.796875
5,20,0.6506536543369293,0.815625
5,30,0.5786850035190583,0.825
5,40,0.6963326334953308,0.79375
5,50,0.6413990885019303,0.83125
5,60,0.7460631102323532,0.7875
5,70,0.6880230456590652,0.809375
5,80,0.6356712996959686,0.8
5,90,0.6436717838048935,0.825
5,100,0.6522304505109787,0.821875
5,110,0.6076167285442352,0.8375
5,120,0.7451713263988495,0.8
5,130,0.6394115030765534,0.846875
5,140,0.7086006075143814,0.8125
5,150,0.6101723819971084,0.8375
5,160,0.6921637654304504,0.80625
5,170,0.6598830997943879,0.8
5,180,0.7692847490310669,0.796875
5,190,0.7295294523239135,0.79375
5,200,0.6553829789161683,0.803125
5,210,0.8774600684642792,0.740625
5,220,0.6514356702566146,0.815625
5,230,0.6313638120889664,0.853125
5,240,0.6711242392659187,0.828125
5,250,0.7201241970062255,0.815625
5,260,0.6413734138011933,0.79375
5,270,0.7037142992019654,0.790625
5,280,0.7160802960395813,0.796875
5,290,0.5942756325006485,0.803125
5,300,0.7504423022270202,0.80625
6,10,0.6591595619916916,0.809375
6,20,0.5617191165685653,0.821875
6,30,0.5283435583114624,0.846875
6,40,0.7218439608812333,0.80625
6,50,0.697054249048233,0.79375
6,60,0.46080119758844373,0.884375
6,70,0.5553558140993118,0.85625
6,80,0.6671429485082626,0.815625
6,90,0.6557100355625153,0.815625
6,100,0.6207580953836441,0.815625
6,110,0.7604255467653275,0.79375
6,120,0.6037098377943039,0.840625
6,130,0.5447652280330658,0.83125
6,140,0.5382026255130767,0.8625
6,150,0.5251615136861801,0.840625
6,160,0.6721686542034149,0.81875
6,170,0.7485480219125747,0.8
6,180,0.5946654051542282,0.8375
6,190,0.6299132376909256,0.815625
6,200,0.5908664584159851,0.821875
6,210,0.5855288580060005,0.834375
6,220,0.7669283419847488,0.79375
6,230,0.5280043542385101,0.83125
6,240,0.5648990243673324,0.84375
6,250,0.7968443989753723,0.775
6,260,0.5815245896577835,0.846875
6,270,0.6812497764825821,0.80625
6,280,0.7394728332757949,0.803125
6,290,0.7193374902009964,0.784375
6,300,0.581923195719719,0.8375
7,10,0.7038766503334045,0.8
7,20,0.5793163239955902,0.8375
7,30,0.5941053599119186,0.809375
7,40,0.47879600822925567,0.875
7,50,0.587496680021286,0.825
7,60,0.6689533442258835,0.80625
7,70,0.5850701093673706,0.821875
7,80,0.5549773007631302,0.853125
7,90,0.6085471093654633,0.840625
7,100,0.5011273235082626,0.834375
7,110,0.5303434044122696,0.85
7,120,0.526080670952797,0.8375
7,130,0.5797531723976135,0.825
7,140,0.609797066450119,0.825
7,150,0.5649516522884369,0.85
7,160,0.4853727698326111,0.865625
7,170,0.6479216426610946,0.803125
7,180,0.5772989422082901,0.859375
7,190,0.5773870497941971,0.81875
7,200,0.5728854954242706,0.834375
7,210,0.7028458535671234,0.815625
7,220,0.46929917186498643,0.878125
7,230,0.5845781177282333,0.828125
7,240,0.5096578925848008,0.84375
7,250,0.5485759913921356,0.859375
7,260,0.5428277760744095,0.840625
7,270,0.5679645836353302,0.8375
7,280,0.6010458409786225,0.840625
7,290,0.44189998507499695,0.871875
7,300,0.5122558325529099,0.85625
8,10,0.5486000537872314,0.853125
8,20,0.5652303248643875,0.81875
8,30,0.6133272737264633,0.8125
8,40,0.47338561713695526,0.86875
8,50,0.5103030353784561,0.853125
8,60,0.5372731000185013,0.85
8,70,0.5259166449308396,0.853125
8,80,0.5315563529729843,0.85
8,90,0.5260499060153961,0.85625
8,100,0.4867319017648697,0.859375
8,110,0.5260515153408051,0.853125
8,120,0.4439022034406662,0.88125
8,130,0.4506015136837959,0.86875
8,140,0.510068267583847,0.85
8,150,0.5549050807952881,0.840625
8,160,0.4721175491809845,0.88125
8,170,0.5237552106380463,0.840625
8,180,0.4701283395290375,0.853125
8,190,0.5784858167171478,0.8375
8,200,0.4736426830291748,0.85
8,210,0.5417508989572525,0.83125
8,220,0.5077202662825584,0.846875
8,230,0.4397640347480774,0.88125
8,240,0.4991744428873062,0.859375
8,250,0.54498510658741,0.853125
8,260,0.5543453216552734,0.86875
8,270,0.5002577304840088,0.84375
8,280,0.5142606049776077,0.86875
8,290,0.5274916499853134,0.859375
8,300,0.5313172399997711,0.846875
9,10,0.5392150163650513,0.840625
9,20,0.5639177590608597,0.83125
9,30,0.5330910712480545,0.84375
9,40,0.543347692489624,0.815625
9,50,0.4577141135931015,0.86875
9,60,0.49336874186992646,0.871875
9,70,0.4782870873808861,0.859375
9,80,0.4890358030796051,0.85625
9,90,0.4206998452544212,0.871875
9,100,0.5325090050697326,0.85
9,110,0.5800734400749207,0.83125
9,120,0.6150061756372451,0.83125
9,130,0.4948985278606415,0.859375
9,140,0.42774388939142227,0.884375
9,150,0.5350998491048813,0.846875
9,160,0.5481092557311058,0.84375
9,170,0.5911810785531998,0.83125
9,180,0.4964902475476265,0.865625
9,190,0.6197062373161316,0.8
9,200,0.5493892550468444,0.853125
9,210,0.5302053570747376,0.85
9,220,0.5811625063419342,0.828125
9,230,0.5563191473484039,0.828125
9,240,0.5074564039707183,0.83125
9,250,0.5433741956949234,0.828125
9,260,0.4910615772008896,0.85
9,270,0.477786722779274,0.875
9,280,0.5990013808012009,0.834375
9,290,0.4962111622095108,0.8625
9,300,0.5992000788450241,0.83125
10,10,0.39280283749103545,0.896875
10,20,0.39239050894975663,0.89375
10,30,0.3787249058485031,0.8875
10,40,0.5003111571073532,0.853125
10,50,0.3635228589177132,0.8875
10,60,0.44275899678468705,0.859375
10,70,0.5312247514724732,0.821875
10,80,0.4160159170627594,0.878125
10,90,0.5057866007089615,0.8375
10,100,0.4725009217858315,0.884375
10,110,0.3651546150445938,0.9
10,120,0.44954317063093185,0.84375
10,130,0.5020882099866867,0.83125
10,140,0.37234058082103727,0.878125
10,150,0.48513242304325105,0.846875
10,160,0.47202980518341064,0.85625
10,170,0.4929430603981018,0.8625
10,180,0.43691732436418534,0.884375
10,190,0.480416901409626,0.859375
10,200,0.5017239272594451,0.85
10,210,0.4915642231702805,0.86875
10,220,0.47412703931331635,0.86875
10,230,0.47946772277355193,0.86875
10,240,0.43838815242052076,0.871875
10,250,0.4102540463209152,0.890625
10,260,0.45011496245861055,0.846875
10,270,0.4778693288564682,0.85625
10,280,0.4402293965220451,0.878125
10,290,0.4855504140257835,0.84375
10,300,0.6106274545192718,0.8375
11,10,0.46182188391685486,0.875
11,20,0.44572594165802004,0.859375
11,30,0.4311036020517349,0.878125
11,40,0.4001985490322113,0.85625
11,50,0.4995995044708252,0.8375
11,60,0.3681968510150909,0.896875
11,70,0.48141808062791824,0.859375
11,80,0.5427086114883423,0.840625
11,90,0.41477018892765044,0.875
11,100,0.37334329932928084,0.909375
11,110,0.3702201932668686,0.8875
11,120,0.48413497805595396,0.8625
11,130,0.35976659059524535,0.88125
11,140,0.3760135233402252,0.884375
11,150,0.4894339442253113,0.859375
11,160,0.3690780594944954,0.8875
11,170,0.5241742014884949,0.825
11,180,0.42026676684618,0.878125
11,190,0.38796404004096985,0.878125
11,200,0.40123019367456436,0.890625
11,210,0.4289099559187889,0.86875
11,220,0.5116513893008232,0.85
11,230,0.546404555439949,0.8625
11,240,0.39953723102808,0.8875
11,250,0.524957612156868,0.8375
11,260,0.4066398650407791,0.846875
11,270,0.34415131360292434,0.9
11,280,0.4820545375347137,0.840625
11,290,0.34117073118686675,0.90625
11,300,0.49134125411510465,0.865625
12,10,0.37701059877872467,0.896875
12,20,0.3266450807452202,0.915625
12,30,0.3835050627589226,0.890625
12,40,0.40764262825250625,0.884375
12,50,0.37839302122592927,0.896875
12,60,0.36453432887792586,0.896875
12,70,0.35846114009618757,0.884375
12,80,0.2985163748264313,0.90625
12,90,0.3070460259914398,0.9125
12,100,0.47685032784938813,0.884375
12,110,0.48717451095581055,0.84375
12,120,0.5902594000101089,0.840625
12,130,0.3923527628183365,0.878125
12,140,0.4414111882448196,0.85
12,150,0.4822756230831146,0.86875
12,160,0.36817884892225267,0.903125
12,170,0.4050836354494095,0.871875
12,180,0.4044453248381615,0.88125
12,190,0.30165227577090264,0.896875
12,200,0.43291023969650266,0.853125
12,210,0.4249055802822113,0.878125
12,220,0.3211025968194008,0.91875
12,230,0.40895569175481794,0.88125
12,240,0.44550805240869523,0.875
12,250,0.6079436168074608,0.846875
12,260,0.49147564768791197,0.85
12,270,0.44713341891765596,0.8875
12,280,0.362049426138401,0.90625
12,290,0.4368611842393875,0.88125
12,300,0.4083315297961235,0.853125
13,10,0.45465257614850996,0.86875
13,20,0.2881776787340641,0.925
13,30,0.2578312404453754,0.94375
13,40,0.35340133756399156,0.896875
13,50,0.3766069069504738,0.884375
13,60,0.4454050585627556,0.86875
13,70,0.3755429297685623,0.875
13,80,0.3553729712963104,0.896875
13,90,0.2974784165620804,0.91875
13,100,0.41034411191940307,0.871875
13,110,0.3537223294377327,0.878125
13,120,0.40024773627519605,0.86875
13,130,0.37535067796707156,0.88125
13,140,0.43511168733239175,0.903125
13,150,0.39785146415233613,0.865625
13,160,0.4640702992677689,0.8875
13,170,0.4421923071146011,0.88125
13,180,0.4017660290002823,0.89375
13,190,0.40413548797369003,0.89375
13,200,0.42510536015033723,0.88125
13,210,0.41716713458299637,0.884375
13,220,0.46949894428253175,0.85625
13,230,0.3459434688091278,0.903125
13,240,0.438481841981411,0.8625
13,250,0.38677382916212083,0.884375
13,260,0.4943843185901642,0.84375
13,270,0.34715221673250196,0.89375
13,280,0.3628417208790779,0.884375
13,290,0.44759144335985185,0.86875
13,300,0.3903407782316208,0.896875
14,10,0.37315245121717455,0.8875
14,20,0.26230555921792986,0.921875
14,30,0.39642814695835116,0.8875
14,40,0.34119522869586943,0.890625
14,50,0.26858158856630326,0.91875
14,60,0.3463746726512909,0.890625
14,70,0.44520536065101624,0.8625
14,80,0.32783335298299787,0.884375
14,90,0.43658150136470797,0.86875
14,100,0.45737995207309723,0.85625
14,110,0.26714676022529604,0.940625
14,120,0.42454713582992554,0.859375
14,130,0.4126107066869736,0.865625
14,140,0.4712177038192749,0.86875
14,150,0.4255888283252716,0.890625
14,160,0.39590129554271697,0.86875
14,170,0.35925304144620895,0.9
14,180,0.5010424256324768,0.8375
14,190,0.33317888975143434,0.88125
14,200,0.371860271692276,0.89375
14,210,0.32127210646867754,0.909375
14,220,0.42021847814321517,0.865625
14,230,0.36596211344003676,0.88125
