0,10,3.609961152076721,0.059375
0,20,3.457474207878113,0.11875
0,30,3.287205696105957,0.178125
0,40,3.132608699798584,0.2125
0,50,2.8286789894104003,0.29375
0,60,2.6175781965255736,0.33125
0,70,2.607120084762573,0.303125
0,80,2.3578668594360352,0.38125
0,90,2.3848387122154238,0.40625
0,100,2.2532881259918214,0.421875
0,110,2.297770857810974,0.3875
0,120,2.1721583366394044,0.415625
0,130,1.955960500240326,0.4625
0,140,1.9373265027999877,0.503125
0,150,1.9686516165733337,0.475
0,160,2.1010858058929442,0.484375
0,170,1.900130307674408,0.496875
0,180,1.9571940183639527,0.465625
0,190,1.8722874045372009,0.51875
0,200,1.6281279921531677,0.553125
0,210,1.869352686405182,0.50625
0,220,1.5838279008865357,0.553125
0,230,1.7705693244934082,0.5125
0,240,1.530452561378479,0.565625
0,250,1.6340892314910889,0.5625
0,260,1.6407637119293212,0.54375
0,270,1.6141223549842834,0.515625
0,280,1.5341100573539734,0.553125
0,290,1.5496733069419861,0.5625
0,300,1.6400983095169068,0.546875
1,10,1.4647467613220215,0.55
1,20,1.4583951115608216,0.571875
1,30,1.5080804467201232,0.56875
1,40,1.4827734231948853,0.575
1,50,1.281749826669693,0.628125
1,60,1.375742506980896,0.6125
1,70,1.333883911371231,0.596875
1,80,1.323613691329956,0.64375
1,90,1.3426922738552094,0.63125
1,100,1.329341721534729,0.59375
1,110,1.1956231892108917,0.64375
1,120,1.2964077711105346,0.584375
1,130,1.3048648893833161,0.61875
1,140,1.2382586181163788,0.66875
1,150,1.2097364127635957,0.665625
1,160,1.1241935968399048,0.646875
1,170,1.2411676228046418,0.665625
1,180,1.0393663585186004,0.675
1,190,1.3095140218734742,0.61875
1,200,1.2167322158813476,0.675
1,210,1.0237819731235505,0.709375
1,220,1.086599338054657,0.675
1,230,1.0850468933582307,0.696875
1,240,1.2160142719745637,0.65
1,250,1.15220388174057,0.678125
1,260,1.13676255941391,0.646875
1,270,1.1586838126182557,0.65
1,280,0.9776486337184906,0.7125
1,290,1.0019529342651368,0.69375
1,300,1.1616673231124879,0.665625
2,10,1.0949401676654815,0.690625
2,20,1.001079297065735,0.721875
2,30,1.194447934627533,0.640625
2,40,1.0351642906665801,0.721875
2,50,0.8982864439487457,0.709375
2,60,0.9701722621917724,0.721875
2,70,0.9745970726013183,0.715625
2,80,1.01401144862175,0.703125
2,90,1.0630747079849243,0.684375
2,100,0.9901776969432831,0.7
2,110,0.8904226660728455,0.740625
2,120,0.9594416499137879,0.715625
2,130,1.0047758877277375,0.715625
2,140,0.9298499703407288,0.7125
2,150,0.8388919949531555,0.753125
2,160,0.9039864003658294,0.715625
2,170,1.0280996918678285,0.675
2,180,1.01942298412323,0.7375
2,190,0.9086762428283691,0.69375
2,200,0.9750734150409699,0.70625
2,210,0.966110011935234,0.73125
2,220,0.8624937057495117,0.746875
2,230,0.756689015030861,0.759375
2,240,1.0213785231113435,0.73125
2,250,0.9611990272998809,0.71875
2,260,0.891084098815918,0.74375
2,270,0.9392550706863403,0.71875
2,280,0.9871189534664154,0.70625
2,290,0.9325908362865448,0.721875
2,300,0.8706450462341309,0.75
3,10,0.697415229678154,0.8
3,20,0.7765961110591888,0.76875
3,30,0.7534964203834533,0.78125
3,40,0.8774132251739502,0.753125
3,50,0.8835112065076828,0.73125
3,60,0.8474188327789307,0.75
3,70,0.7731211006641387,0.76875
3,80,0.8221874684095383,0.721875
3,90,0.6956868916749954,0.76875
3,100,0.9280178904533386,0.746875
3,110,0.8138350129127503,0.775
3,120,0.6696844160556793,0.7875
3,130,0.8016066730022431,0.784375
3,140,0.8022516429424286,0.775
3,150,0.8379225462675095,0.753125
3,160,0.7097533047199249,0.790625
3,170,0.6886374294757843,0.775
3,180,0.7434529781341552,0.75
3,190,0.7949176788330078,0.746875
3,200,0.6106948405504227,0.834375
3,210,0.6837348163127899,0.809375
3,220,0.7447230756282807,0.79375
3,230,0.7340674340724945,0.7875
3,240,0.7286973148584366,0.765625
3,250,0.6489707231521606,0.80625
3,260,0.7292315334081649,0.78125
3,270,0.7457393169403076,0.76875
3,280,0.6529662579298019,0.79375
3,290,0.592033040523529,0.828125
3,300,0.7405538260936737,0.765625
4,10,0.6435098797082901,0.81875
4,20,0.7147964924573899,0.778125
4,30,0.7645300954580307,0.765625
4,40,0.7655901551246643,0.75625
4,50,0.6984742492437362,0.815625
4,60,0.5705247759819031,0.85625
4,70,0.6245359629392624,0.8375
4,80,0.6626870453357696,0.796875
4,90,0.6407435566186905,0.790625
4,100,0.6939266353845597,0.796875
4,110,0.571310892701149,0.840625
4,120,0.7251641243696213,0.7875
4,130,0.7203277856111526,0.778125
4,140,0.6958424061536789,0.79375
4,150,0.5762607097625733,0.81875
4,160,0.5716782301664353,0.8125
4,170,0.6527707427740097,0.80625
4,180,0.7370390444993973,0.759375
4,190,0.7962051153182983,0.796875
4,200,0.7148351430892944,0.796875
4,210,0.680325698852539,0.7875
4,220,0.7271252870559692,0.803125
4,230,0.6942320346832276,0.784375
4,240,0.6428944170475006,0.790625
4,250,0.6459921449422836,0.8
4,260,0.568794672191143,0.821875
4,270,0.7509580194950104,0.778125
4,280,0.6393282085657119,0.796875
4,290,0.6097808688879013,0.815625
4,300,0.575382998585701,0.8375
5,10,0.5130030602216721,0.821875
5,20,0.6321798682212829,0.79375
5,30,0.47831912636756896,0.871875
5,40,0.5288736611604691,0.85
5,50,0.5890925794839859,0.81875
5,60,0.5463963806629181,0.825
5,70,0.5607435926795006,0.815625
5,80,0.5689358294010163,0.825
5,90,0.46996703892946246,0.846875
5,100,0.5126435488462449,0.85625
5,110,0.5959317356348037,0.821875
5,120,0.4948367327451706,0.834375
5,130,0.5639205038547516,0.85
5,140,0.5718623548746109,0.83125
5,150,0.5354868024587631,0.79375
5,160,0.4829013079404831,0.85625
5,170,0.5328484058380127,0.859375
5,180,0.59679516851902,0.79375
5,190,0.5092374682426453,0.859375
5,200,0.6190900474786758,0.825
5,210,0.6493902087211609,0.796875
5,220,0.4617256909608841,0.8625
5,230,0.57090365588665,0.85
5,240,0.6051419496536254,0.8
5,250,0.608514815568924,0.8
5,260,0.5455526113510132,0.83125
5,270,0.6357419312000274,0.80625
5,280,0.6533511519432068,0.821875
5,290,0.49072395265102386,0.8625
5,300,0.7568493545055389,0.778125
6,10,0.5561674118041993,0.815625
6,20,0.5243729621171951,0.840625
6,30,0.5204937607049942,0.825
6,40,0.48263547718524935,0.834375
6,50,0.5227746367454529,0.84375
6,60,0.44124325811862947,0.86875
6,70,0.6024858474731445,0.815625
6,80,0.4986658304929733,0.846875
6,90,0.4947978138923645,0.840625
6,100,0.4968919649720192,0.84375
6,110,0.40882220715284345,0.85625
6,120,0.5506813526153564,0.840625
6,130,0.46634718775749207,0.865625
6,140,0.6404958873987198,0.84375
6,150,0.6213167041540146,0.8
6,160,0.5492871433496476,0.815625
6,170,0.62418033182621,0.803125
6,180,0.521691980957985,0.84375
6,190,0.6439382463693619,0.8
6,200,0.4694066345691681,0.8625
6,210,0.5630727559328079,0.840625
6,220,0.5550845563411713,0.83125
6,230,0.44216801822185514,0.865625
6,240,0.45420846045017244,0.865625
6,250,0.5321183174848556,0.803125
6,260,0.5449774920940399,0.8375
6,270,0.5248477190732956,0.815625
6,280,0.48720846325159073,0.859375
6,290,0.492445270717144,0.846875
6,300,0.4585753411054611,0.859375
7,10,0.3614652991294861,0.909375
7,20,0.47479555010795593,0.84375
7,30,0.43252054154872893,0.871875
7,40,0.3750804662704468,0.878125
7,50,0.5526658818125725,0.825
7,60,0.5955944418907165,0.809375
7,70,0.3789656236767769,0.884375
7,80,0.4586545526981354,0.859375
7,90,0.42293212115764617,0.840625
7,100,0.4490195006132126,0.859375
7,110,0.534917026758194,0.840625
7,120,0.44626753926277163,0.85
7,130,0.5055437296628952,0.85625
7,140,0.5539091646671295,0.84375
7,150,0.4233050376176834,0.86875
7,160,0.5251971900463104,0.846875
7,170,0.5393026381731033,0.846875
7,180,0.466160361468792,0.859375
7,190,0.48601296097040175,0.85
7,200,0.4578033357858658,0.853125
7,210,0.44491683691740036,0.871875
7,220,0.5197833389043808,0.828125
7,230,0.4744772344827652,0.853125
7,240,0.4667954444885254,0.859375
7,250,0.4768406510353088,0.84375
7,260,0.5653397426009178,0.815625
7,270,0.4736082136631012,0.846875
7,280,0.42661006897687914,0.8625
7,290,0.4400800094008446,0.853125
7,300,0.5495892435312271,0.834375
8,10,0.4274306982755661,0.884375
8,20,0.4122894242405891,0.871875
8,30,0.550016675889492,0.85
8,40,0.3835879862308502,0.89375
8,50,0.49514771699905397,0.834375
8,60,0.4539437502622604,0.853125
8,70,0.47970103323459623,0.8625
8,80,0.39310700446367264,0.878125
8,90,0.45490673184394836,0.846875
8,100,0.4923527240753174,0.85
8,110,0.4060195341706276,0.878125
8,120,0.43692303597927096,0.884375
8,130,0.4445928275585175,0.871875
8,140,0.44864559471607207,0.840625
8,150,0.48581255227327347,0.859375
8,160,0.5865373283624649,0.821875
8,170,0.41313683092594145,0.85625
8,180,0.5031524240970612,0.825
8,190,0.4859156787395477,0.84375
8,200,0.4157779052853584,0.8625
8,210,0.43965024054050444,0.8625
8,220,0.4630153089761734,0.859375
8,230,0.4214436411857605,0.884375
8,240,0.3692691594362259,0.878125
8,250,0.49156297743320465,0.846875
8,260,0.4070910781621933,0.8875
8,270,0.34383491426706314,0.903125
8,280,0.41007757633924485,0.871875
8,290,0.4696687251329422,0.834375
8,300,0.45643957853317263,0.8875
9,10,0.36504087448120115,0.890625
9,20,0.4210721358656883,0.8625
9,30,0.4518664315342903,0.85625
9,40,0.4850443542003632,0.85
9,50,0.37188372388482094,0.89375
9,60,0.34796338379383085,0.896875
9,70,0.409259469807148,0.878125
9,80,0.37426898777484896,0.88125
9,90,0.3662145182490349,0.8875
9,100,0.3508364871144295,0.890625
9,110,0.5048068568110466,0.846875
9,120,0.501466090977192,0.85
9,130,0.4821112811565399,0.840625
9,140,0.3967231497168541,0.875
9,150,0.43920901119709016,0.85625
9,160,0.4051794022321701,0.8625
9,170,0.4267428480088711,0.875
9,180,0.41012676656246183,0.871875
9,190,0.5029159516096116,0.859375
9,200,0.4651875376701355,0.875
9,210,0.4084953606128693,0.88125
9,220,0.5750993251800537,0.825
9,230,0.3445266127586365,0.878125
9,240,0.45465233027935026,0.859375
9,250,0.3732557773590088,0.875
9,260,0.39742591232061386,0.85625
9,270,0.45160923302173617,0.853125
9,280,0.3969199299812317,0.88125
9,290,0.3786356642842293,0.878125
9,300,0.4440662205219269,0.859375
10,10,0.44165786504745486,0.8375
10,20,0.4148022308945656,0.86875
10,30,0.3811550304293633,0.890625
10,40,0.4275897637009621,0.85
10,50,0.3428383246064186,0.8875
10,60,0.37292058020830154,0.875
10,70,0.4360421448945999,0.8625
10,80,0.31715124994516375,0.89375
10,90,0.42344769537448884,0.85625
10,100,0.3680742710828781,0.8625
10,110,0.34771367609500886,0.89375
10,120,0.3115849196910858,0.890625
10,130,0.35895074605941774,0.890625
10,140,0.39056980386376383,0.878125
10,150,0.3597059726715088,0.896875
10,160,0.3520111829042435,0.896875
10,170,0.3588966399431229,0.890625
10,180,0.3394635707139969,0.890625
10,190,0.30846008807420733,0.896875
10,200,0.3664058268070221,0.90625
10,210,0.4306247472763062,0.871875
10,220,0.37560834288597106,0.86875
10,230,0.41054880395531657,0.884375
10,240,0.459916940331459,0.853125
10,250,0.41892630606889725,0.865625
10,260,0.492777556180954,0.815625
10,270,0.4272835344076157,0.859375
10,280,0.4057216912508011,0.890625
10,290,0.3014844536781311,0.909375
10,300,0.37053324580192565,0.875
11,10,0.29382594376802446,0.90625
11,20,0.3227205082774162,0.8875
11,30,0.3296220198273659,0.890625
11,40,0.2466167151927948,0.91875
11,50,0.3081413760781288,0.9
11,60,0.38600162267684934,0.871875
11,70,0.3179969646036625,0.903125
11,80,0.3629010014235973,0.86875
11,90,0.5275491565465927,0.825
11,100,0.38009815514087675,0.871875
11,110,0.4590388357639313,0.859375
11,120,0.34164528250694276,0.878125
11,130,0.3088513553142548,0.925
11,140,0.3749977111816406,0.8875
11,150,0.4261787116527557,0.8625
11,160,0.42805723547935487,0.846875
11,170,0.37641931772232057,0.859375
11,180,0.4314486965537071,0.85625
11,190,0.35491482019424436,0.878125
11,200,0.42042277157306673,0.8625
11,210,0.4556519120931625,0.85625
11,220,0.3867915660142899,0.878125
11,230,0.43966951668262483,0.84375
11,240,0.41610983610153196,0.871875
11,250,0.3352643378078938,0.884375
11,260,0.4076001405715942,0.85625
11,270,0.4607428252696991,0.846875
11,280,0.35023628920316696,0.884375
11,290,0.4698275476694107,0.871875
11,300,0.3550416320562363,0.878125
12,10,0.26459010541439054,0.91875
12,20,0.30594864785671233,0.9125
12,30,0.32721733301877975,0.9
12,40,0.365765380859375,0.859375
12,50,0.36652822047472,0.8875
12,60,0.3167941108345985,0.890625
12,70,0.3645624600350857,0.878125
12,80,0.2803281731903553,0.90625
12,90,0.382999050617218,0.865625
12,100,0.33530918657779696,0.896875
12,110,0.4111289635300636,0.890625
12,120,0.35256251245737075,0.884375
12,130,0.3366132743656635,0.91875
12,140,0.3528546951711178,0.8875
12,150,0.3552523389458656,0.884375
12,160,0.3227543383836746,0.9
12,170,0.3893526390194893,0.88125
12,180,0.378120855987072,0.890625
12,190,0.39543735086917875,0.88125
12,200,0.2600000262260437,0.925
12,210,0.34064606875181197,0.896875
12,220,0.3474643252789974,0.884375
12,230,0.3527891173958778,0.884375
12,240,0.34129166454076765,0.89375
12,250,0.3042995259165764,0.903125
12,260,0.33986823707818986,0.884375
12,270,0.3644453093409538,0.9
12,280,0.26011950373649595,0.91875
12,290,0.3439884126186371,0.8875
12,300,0.3500606670975685,0.8875
13,10,0.2833178725093603,0.91875
13,20,0.28286428451538087,0.903125
13,30,0.30726662948727607,0.890625
13,40,0.31070485562086103,0.89375
13,50,0.2649726182222366,0.9125
13,60,0.38978737890720366,0.878125
13,70,0.2615969438105822,0.91875
13,80,0.3453152894973755,0.88125
13,90,0.3778252214193344,0.884375
13,100,0.28306943103671073,0.9125
13,110,0.2910282090306282,0.89375
13,120,0.33526630848646166,0.8875
13,130,0.3083547666668892,0.890625
13,140,0.37304395213723185,0.878125
13,150,0.3409716174006462,0.8875
13,160,0.381432968378067,0.878125
13,170,0.26924203932285307,0.909375
13,180,0.3943770043551922,0.875
13,190,0.3428650513291359,0.89375
13,200,0.3209207639098167,0.896875
13,210,0.37593003660440444,0.865625
13,220,0.3199634127318859,0.8875
13,230,0.32128309905529023,0.89375
13,240,0.359019336104393,0.890625
13,250,0.33913019448518755,0.871875
13,260,0.37604950219392774,0.878125
13,270,0.3137438252568245,0.90625
13,280,0.3410209774971008,0.89375
13,290,0.34306075125932695,0.8875
13,300,0.35317309089004995,0.871875
14,10,0.24500377401709555,0.9125
14,20,0.2589242495596409,0.921875
14,30,0.2574545942246914,0.921875
14,40,0.34709260128438474,0.875
14,50,0.33979856967926025,0.871875
14,60,0.3014312818646431,0.915625
14,70,0.3242650255560875,0.9
14,80,0.2701389342546463,0.921875
14,90,0.3305955544114113,0.8875
14,100,0.31502018198370935,0.903125
14,110,0.28252814784646035,0.915625
14,120,0.25585204660892485,0.91875
14,130,0.22992270514369012,0.940625
14,140,0.3298921279609203,0.89375
14,150,0.22751193791627883,0.921875
14,160,0.2854788526892662,0.896875
14,170,0.22722370661795138,0.91875
14,180,0.39084916934370995,0.884375
14,190,0.3291147813200951,0.8875
14,200,0.29721659868955613,0.89375
14,210,0.28038569539785385,0.91875
14,220,0.349546217918396,0.8875
14,230,0.2524398148059845,0.909375
14,240,0.43656310737133025,0.8625
14,250,0.3258653968572617,0.9
14,260,0.28548104092478754,0.896875
14,270,0.40687087178230286,0.88125
14,280,0.441774994879961,0.853125
14,290,0.37612312436103823,0.86875
14,300,0.4249425545334816,0.846875
15,10,0.28595956563949587,0.9
15,20,0.2789131313562393,0.90625
15,30,0.23314501494169235,0.91875
15,40,0.2804218426346779,0.9
15,50,0.23357709497213364,0.921875
15,60,0.29399156421422956,0.89375
15,70,0.26600283980369566,0.915625
15,80,0.3136605486273766,0.90625
15,90,0.26613493636250496,0.915625
15,100,0.23515002354979514,0.925
15,110,0.24666594490408897,0.93125
15,120,0.363094475120306,0.871875
15,130,0.25972718074917794,0.909375
15,140,0.256454262137413,0.93125
15,150,0.29533621519804,0.915625
15,160,0.2609760656952858,0.91875
15,170,0.3809538185596466,0.875
15,180,0.3104241445660591,0.890625
15,190,0.24689341112971305,0.909375
15,200,0.26454012244939806,0.9125
15,210,0.3036445379257202,0.896875
15,220,0.23625226318836212,0.91875
15,230,0.34910430014133453,0.875
15,240,0.293785610049963,0.896875
15,250,0.30599834471940995,0.890625
15,260,0.3116122268140316,0.88125
15,270,0.2345677323639393,0.925
15,280,0.295819990336895,0.89375
15,290,0.2567049369215965,0.89375
15,300,0.2350636787712574,0.91875
16,10,0.26393101811409,0.9125
16,20,0.3825463026762009,0.8625
16,30,0.26853896453976633,0.909375
16,40,0.2842608541250229,0.903125
16,50,0.2965193003416061,0.903125
16,60,0.2332493022084236,0.93125
16,70,0.3414751499891281,0.8875
16,80,0.2839904442429543,0.89375
16,90,0.35812495797872546,0.878125
16,100,0.2868934229016304,0.915625
16,110,0.2310403399169445,0.915625
16,120,0.1975603334605694,0.946875
16,130,0.3037510640919209,0.903125
16,140,0.33759440258145335,0.90625
16,150,0.32806172370910647,0.9
16,160,0.29174131229519845,0.89375
16,170,0.3343449428677559,0.871875
16,180,0.2520678386092186,0.925
16,190,0.3626689016819,0.9
16,200,0.357314782589674,0.8875
16,210,0.2614451818168163,0.9125
16,220,0.2424459256231785,0.93125
16,230,0.27093854621052743,0.915625
16,240,0.23845539540052413,0.928125
16,250,0.27337543219327926,0.909375
16,260,0.23169504031538962,0.921875
16,270,0.3123884007334709,0.909375
16,280,0.3230109751224518,0.89375
16,290,0.2603896364569664,0.90625
16,300,0.33213602043688295,0.8875
17,10,0.19158733040094375,0.9375
17,20,0.2461170472204685,0.921875
17,30,0.24224007353186608,0.884375
17,40,0.28452802300453184,0.9
17,50,0.2392043486237526,0.928125
17,60,0.2324316520243883,0.928125
17,70,0.2514234736561775,0.921875
17,80,0.22512289583683015,0.925
17,90,0.2918062895536423,0.915625
17,100,0.2174544371664524,0.934375
17,110,0.3022038318216801,0.909375
17,120,0.2931183263659477,0.9
17,130,0.2140716388821602,0.94375
17,140,0.23381434231996537,0.93125
17,150,0.24000653587281703,0.915625
17,160,0.24362483322620393,0.921875
17,170,0.21592191457748414,0.915625
17,180,0.25201296657323835,0.909375
17,190,0.3117111511528492,0.903125
17,200,0.34395006746053697,0.896875
17,210,0.33948749154806135,0.903125
17,220,0.29462831020355223,0.89375
17,230,0.29582989811897276,0.90625
17,240,0.3286572262644768,0.90625
17,250,0.26238158643245696,0.90625
17,260,0.23744160830974578,0.925
17,270,0.26934543922543525,0.903125
17,280,0.261287435144186,0.9125
17,290,0.3248571649193764,0.8875
17,300,0.2915743164718151,0.9125
18,10,0.2672676958143711,0.90625
18,20,0.20640360116958617,0.940625
18,30,0.23680713251233101,0.915625
18,40,0.1880625829100609,0.9375
18,50,0.27447499334812164,0.915625
18,60,0.2739849478006363,0.921875
18,70,0.260112302005291,0.91875
18,80,0.3201527237892151,0.8875
18,90,0.24882108047604562,0.91875
18,100,0.3014773324131966,0.896875
18,110,0.2749555163085461,0.884375
18,120,0.23024141639471055,0.921875
18,130,0.2301410421729088,0.921875
18,140,0.24290400892496108,0.915625
18,150,0.28534226417541503,0.89375
18,160,0.22575619891285897,0.925
18,170,0.2018536739051342,0.921875
18,180,0.317842198163271,0.884375
18,190,0.17417154796421527,0.953125
18,200,0.23214851766824723,0.91875
18,210,0.24453448727726937,0.9125
18,220,0.30210156440734864,0.89375
18,230,0.30010843053460123,0.896875
18,240,0.25681317299604417,0.91875
18,250,0.34302561581134794,0.896875
18,260,0.21119410842657088,0.93125
18,270,0.14576588794589043,0.959375
18,280,0.21086409464478492,0.93125
18,290,0.23685256466269494,0.909375
18,300,0.19514691680669785,0.93125
19,10,0.2546681046485901,0.9125
19,20,0.22416472807526588,0.921875
19,30,0.24382960945367813,0.915625
19,40,0.22658995240926744,0.9375
19,50,0.17522817030549048,0.934375
19,60,0.19933701679110527,0.91875
19,70,0.25121217109262944,0.909375
19,80,0.21225002259016038,0.934375
19,90,0.22630059160292149,0.934375
19,100,0.23170898780226706,0.921875
19,110,0.20788646563887597,0.934375
19,120,0.317134253680706,0.896875
19,130,0.19829754531383514,0.9375
19,140,0.23453169465065002,0.91875
19,150,0.17584208771586418,0.9375
19,160,0.37444037199020386,0.86875
19,170,0.23978030867874622,0.928125
19,180,0.36853949874639513,0.875
19,190,0.21510000973939897,0.91875
19,200,0.2770296990871429,0.91875
19,210,0.23272525295615196,0.940625
19,220,0.284531094878912,0.9
19,230,0.23544348254799843,0.925
19,240,0.27018005698919295,0.896875
19,250,0.32336785793304446,0.9125
19,260,0.341068534553051,0.884375
19,270,0.30382160246372225,0.9
19,280,0.40225029438734056,0.871875
19,290,0.30619833841919897,0.884375
19,300,0.3116629533469677,0.896875
20,10,0.22725597992539406,0.934375
20,20,0.30081448554992674,0.9
20,30,0.21931050792336465,0.91875
20,40,0.22785283699631692,0.93125
20,50,0.2496245764195919,0.91875
20,60,0.23724821135401725,0.91875
20,70,0.24764494150876998,0.896875
20,80,0.28476664796471596,0.915625
20,90,0.18288672268390654,0.93125
20,100,0.16269252225756645,0.95
20,110,0.25182856172323226,0.928125
20,120,0.26335352547466756,0.925
20,130,0.21410053856670858,0.928125
20,140,0.19362228102982043,0.946875
20,150,0.22709443122148515,0.909375
20,160,0.18229672871530056,0.946875
20,170,0.28110831454396246,0.909375
20,180,0.22002461031079293,0.93125
20,190,0.26816051825881004,0.91875
20,200,0.198218047991395,0.940625
20,210,0.18106551729142667,0.91875
20,220,0.21789278127253056,0.91875
20,230,0.2385512575507164,0.9125
20,240,0.25530831292271616,0.91875
20,250,0.2439579427242279,0.909375
20,260,0.2432122014462948,0.928125
20,270,0.211408731341362,0.928125
20,280,0.3093103662133217,0.896875
20,290,0.27372714318335056,0.90625
20,300,0.20570416934788227,0.934375
21,10,0.2636538162827492,0.90625
21,20,0.20039938986301423,0.940625
21,30,0.28710649609565736,0.928125
21,40,0.17318471185863019,0.94375
21,50,0.25744138956069945,0.921875
21,60,0.17987880408763884,0.934375
21,70,0.2208858072757721,0.928125
21,80,0.1914307951927185,0.940625
21,90,0.1871327742934227,0.95
21,100,0.29723526537418365,0.9125
21,110,0.23928778283298016,0.915625
21,120,0.15580293349921703,0.93125
21,130,0.21537478119134904,0.915625
21,140,0.2349979244172573,0.925
21,150,0.15831210054457187,0.94375
21,160,0.22929174900054933,0.91875
21,170,0.17339149583131075,0.946875
21,180,0.18275381848216057,0.946875
21,190,0.23661611452698708,0.909375
21,200,0.23473094180226325,0.928125
21,210,0.26348298564553263,0.928125
21,220,0.261566461622715,0.9
21,230,0.22865793481469154,0.94375
21,240,0.22272294014692307,0.93125
21,250,0.29876990914344786,0.88125
21,260,0.27969322353601456,0.890625
21,270,0.33714644536376,0.884375
21,280,0.22867330089211463,0.93125
21,290,0.30260039754211904,0.884375
21,300,0.23538467809557914,0.934375
22,10,0.2007127355784178,0.940625
22,20,0.1952141724526882,0.9375
22,30,0.21670480072498322,0.91875
22,40,0.2177668809890747,0.9125
22,50,0.24783118814229965,0.9
22,60,0.20767183750867843,0.940625
22,70,0.3019569031894207,0.89375
22,80,0.22864237129688264,0.928125
22,90,0.2092104535549879,0.93125
22,100,0.17479594014585018,0.946875
22,110,0.2902117397636175,0.909375
22,120,0.20357403717935085,0.928125
22,130,0.22123680226504802,0.909375
22,140,0.23065123483538627,0.909375
22,150,0.17770372852683067,0.9375
22,160,0.21541352346539497,0.93125
22,170,0.24414451718330382,0.928125
22,180,0.27961824610829356,0.9
22,190,0.23285249769687652,0.921875
22,200,0.17082420215010644,0.946875
22,210,0.2563882678747177,0.909375
22,220,0.2184157893061638,0.928125
22,230,0.2457331322133541,0.921875
22,240,0.24595348089933394,0.925
22,250,0.1919856809079647,0.93125
22,260,0.17057650312781333,0.95
22,270,0.24949951618909835,0.91875
22,280,0.22902402877807618,0.9375
22,290,0.2710075885057449,0.9
22,300,0.28470072001218794,0.89375
23,10,0.23843222334980965,0.9125
23,20,0.2637193389236927,0.925
23,30,0.19999973587691783,0.940625
23,40,0.19030196014791728,0.9375
23,50,0.18892244584858417,0.94375
23,60,0.20645226091146468,0.925
23,70,0.18466125205159187,0.925
23,80,0.2361353948712349,0.921875
23,90,0.23575481101870538,0.90625
23,100,0.18921486288309097,0.928125
23,110,0.22826991975307465,0.921875
23,120,0.22398095168173313,0.928125
23,130,0.21019974425435067,0.93125
23,140,0.17446124851703643,0.94375
23,150,0.16558915004134178,0.946875
23,160,0.1695492871105671,0.934375
23,170,0.17910991460084916,0.940625
23,180,0.2037699531763792,0.940625
23,190,0.23649096637964248,0.915625
23,200,0.24733741581439972,0.90625
23,210,0.18508439958095552,0.91875
23,220,0.20198381729424,0.93125
23,230,0.17951799668371676,0.934375
23,240,0.27692683711647986,0.915625
23,250,0.23498517721891404,0.909375
23,260,0.21471268758177758,0.93125
23,270,0.1861540123820305,0.934375
23,280,0.24645627290010452,0.925
23,290,0.21012272760272027,0.921875
23,300,0.17735061086714268,0.946875
24,10,0.1867601189762354,0.9375
24,20,0.16412049867212772,0.940625
24,30,0.14976488798856735,0.959375
24,40,0.21563607156276704,0.928125
24,50,0.2199391908943653,0.91875
24,60,0.18629687577486037,0.925
24,70,0.18639058694243432,0.940625
24,80,0.19590334370732307,0.928125
24,90,0.20553383342921733,0.95
24,100,0.2047403171658516,0.934375
24,110,0.1872345007956028,0.93125
24,120,0.17072442770004273,0.95625
24,130,0.27170836478471755,0.921875
24,140,0.19762296006083488,0.934375
24,150,0.29818034209311006,0.9
24,160,0.21622640136629342,0.93125
24,170,0.1854041375219822,0.93125
24,180,0.16743088960647584,0.9375
24,190,0.16341383270919324,0.94375
24,200,0.16281980238854885,0.934375
24,210,0.23217097260057926,0.90625
24,220,0.1702152382582426,0.940625
24,230,0.19134531319141387,0.928125
24,240,0.20438372492790222,0.934375
24,250,0.2162919469177723,0.91875
24,260,0.20812724232673646,0.93125
24,270,0.26261031311005356,0.928125
24,280,0.1877666462212801,0.940625
24,290,0.21837571524083615,0.91875
24,300,0.1947932206094265,0.9375
25,10,0.1484533805400133,0.95
25,20,0.2160770684480667,0.934375
25,30,0.15900789871811866,0.946875
25,40,0.19441248439252376,0.946875
25,50,0.22091922909021378,0.8875
25,60,0.19044361412525176,0.928125
25,70,0.21566552743315698,0.93125
25,80,0.24729492887854576,0.921875
25,90,0.2173579178750515,0.928125
25,100,0.20695304423570632,0.934375
25,110,0.28543065786361693,0.9
25,120,0.23386988788843155,0.928125
25,130,0.1961502768099308,0.928125
25,140,0.21049333438277246,0.928125
25,150,0.24384089931845665,0.9125
25,160,0.14365526884794236,0.95
25,170,0.16427543982863427,0.94375
25,180,0.18618045523762702,0.940625
25,190,0.2270192176103592,0.928125
25,200,0.17998315021395683,0.95
25,210,0.14394972212612628,0.940625
25,220,0.22150674164295198,0.94375
25,230,0.24574236646294595,0.921875
25,240,0.2010215699672699,0.9375
25,250,0.21060917377471924,0.928125
25,260,0.31193317249417307,0.9125
25,270,0.23532791957259178,0.9375
25,280,0.1959086164832115,0.91875
25,290,0.1999256867915392,0.921875
25,300,0.14023641869425774,0.95
26,10,0.12516736835241318,0.95625
26,20,0.29784302189946177,0.925
26,30,0.1894445076584816,0.93125
26,40,0.18515664599835874,0.934375
26,50,0.1891201689839363,0.928125
26,60,0.17247616723179818,0.9375
26,70,0.15406406186521054,0.959375
26,80,0.17360164001584052,0.9375
26,90,0.12511749677360057,0.965625
26,100,0.16984490267932414,0.95
26,110,0.21082122325897218,0.9375
26,120,0.18786678239703178,0.940625
26,130,0.14946835041046141,0.95625
26,140,0.15473474152386188,0.95
26,150,0.21939222514629364,0.921875
26,160,0.15649484060704708,0.94375
26,170,0.2757598549127579,0.90625
26,180,0.18368866443634033,0.93125
26,190,0.21764358207583429,0.94375
26,200,0.18246441781520845,0.94375
26,210,0.17543417289853097,0.93125
26,220,0.19506014920771123,0.940625
26,230,0.23615568205714227,0.9125
26,240,0.1688512172549963,0.94375
26,250,0.191695623844862,0.925
26,260,0.19189596846699714,0.93125
26,270,0.14802989047020673,0.946875
26,280,0.19287107102572917,0.94375
26,290,0.22720558419823647,0.9125
26,300,0.24173928275704384,0.93125
27,10,0.14141188822686673,0.95
27,20,0.16244923807680606,0.940625
27,30,0.1808478694409132,0.934375
27,40,0.15476418174803258,0.9375
27,50,0.15696088895201682,0.9375
27,60,0.16218165643513202,0.946875
27,70,0.17647093236446382,0.928125
27,80,0.16088341251015664,0.94375
27,90,0.1957714196294546,0.946875
27,100,0.24001819491386414,0.921875
27,110,0.2133473701775074,0.928125
27,120,0.21223948523402214,0.921875
27,130,0.205576391518116,0.934375
27,140,0.1448155740275979,0.953125
27,150,0.24132600370794535,0.909375
27,160,0.18439048156142235,0.9375
27,170,0.18610340543091297,0.946875
27,180,0.14656895510852336,0.95
27,190,0.22662711665034294,0.928125
27,200,0.14968388937413693,0.93125
27,210,0.19182222783565522,0.953125
27,220,0.19068587869405745,0.940625
27,230,0.14794561676681042,0.953125
27,240,0.1781732292845845,0.940625
27,250,0.22351518906652929,0.915625
27,260,0.13843796029686928,0.95625
27,270,0.1881869863718748,0.9375
27,280,0.18394527062773705,0.94375
27,290,0.1070679172873497,0.959375
27,300,0.15633728103712202,0.953125
28,10,0.16150525212287903,0.9375
28,20,0.14195885825902224,0.959375
28,30,0.2332109123468399,0.925
28,40,0.13241683654487132,0.959375
28,50,0.12823692811653017,0.95625
28,60,0.24085237681865693,0.91875
28,70,0.1914160095155239,0.9375
28,80,0.22053285911679268,0.946875
28,90,0.16370380260050296,0.953125
28,100,0.1939910352230072,0.925
28,110,0.13601307310163974,0.95
28,120,0.23763034567236901,0.928125
28,130,0.17202559858560562,0.940625
28,140,0.20203322879970073,0.9375
28,150,0.1860574074089527,0.94375
28,160,0.2320493459701538,0.928125
28,170,0.1869760312139988,0.934375
28,180,0.17096315324306488,0.934375
28,190,0.15561541095376014,0.934375
28,200,0.15733474623411894,0.953125
28,210,0.13877840675413608,0.95
28,220,0.19652726128697395,0.953125
28,230,0.11313440725207329,0.965625
28,240,0.14560043141245843,0.95
28,250,0.21778742000460624,0.925
28,260,0.1566394966095686,0.95625
28,270,0.183439888805151,0.921875
28,280,0.17366204261779786,0.946875
28,290,0.18030911460518836,0.94375
28,300,0.2174028277397156,0.925
29,10,0.11106066294014454,0.9625
29,20,0.15006503500044346,0.95
29,30,0.1627086490392685,0.9375
29,40,0.13921734802424907,0.95625
29,50,0.12990821190178395,0.959375
29,60,0.13830938003957272,0.96875
29,70,0.14972082599997522,0.946875
29,80,0.17113303374499084,0.95625
29,90,0.13810511790215968,0.9625
29,100,0.19852036014199256,0.940625
29,110,0.15579679161310195,0.940625
29,120,0.16351437605917454,0.9375
29,130,0.20237576700747012,0.94375
29,140,0.1698390029370785,0.959375
29,150,0.11827765591442585,0.95625
29,160,0.1521793393418193,0.95
29,170,0.17112928181886672,0.946875
29,180,0.1735488459467888,0.925
29,190,0.27036479376256467,0.93125
29,200,0.12035763785243034,0.959375
29,210,0.14438913613557816,0.940625
29,220,0.17619534581899643,0.9375
29,230,0.14885476119816304,0.95
29,240,0.14829079248011112,0.959375
29,250,0.20330870002508164,0.934375
29,260,0.20186859369277954,0.93125
29,270,0.17624613642692566,0.934375
29,280,0.1647268109023571,0.940625
29,290,0.1833292305469513,0.93125
29,300,0.1610691212117672,0.928125
30,10,0.1705106906592846,0.934375
30,20,0.13741245679557323,0.95
30,30,0.13548949882388114,0.95
30,40,0.132343478128314,0.946875
30,50,0.15529308393597602,0.940625
30,60,0.15699620693922042,0.94375
30,70,0.15828425176441668,0.95625
30,80,0.1431940572336316,0.953125
30,90,0.1647403223440051,0.95
30,100,0.13832039516419173,0.953125
30,110,0.1811876457184553,0.94375
30,120,0.17673707902431487,0.940625
30,130,0.20195552110671997,0.921875
30,140,0.20399108566343785,0.925
30,150,0.16364396288990973,0.94375
30,160,0.19616708159446716,0.940625
30,170,0.10639600539579988,0.975
30,180,0.11606228947639466,0.9625
30,190,0.1389345906674862,0.953125
30,200,0.19263423085212708,0.94375
30,210,0.14302782444283366,0.934375
30,220,0.17879540603607894,0.94375
30,230,0.1497494734823704,0.925
30,240,0.14415132030844688,0.94375
30,250,0.1469618171453476,0.95
30,260,0.16934584751725196,0.946875
30,270,0.17812265940010547,0.93125
30,280,0.24271340817213058,0.928125
30,290,0.12329919021576644,0.965625
30,300,0.2186613142490387,0.921875
31,10,0.18196818232536316,0.94375
31,20,0.14888136982917785,0.95
31,30,0.17264634761959313,0.9375
31,40,0.19485001862049103,0.94375
31,50,0.12338830828666687,0.95
31,60,0.17091842368245125,0.946875
31,70,0.1580768834799528,0.94375
31,80,0.15734704919159412,0.940625
31,90,0.12415137439966202,0.95625
31,100,0.17707435935735702,0.94375
31,110,0.07871862649917602,0.971875
31,120,0.10739583242684603,0.9625
31,130,0.15622250884771346,0.95625
31,140,0.12184902671724558,0.9625
31,150,0.1464988373219967,0.953125
31,160,0.07023230185732246,0.978125
31,170,0.16699919402599334,0.946875
31,180,0.15461392253637313,0.95
31,190,0.18096046354621648,0.934375
31,200,0.19423158951103686,0.9375
31,210,0.16328925639390945,0.934375
31,220,0.20083155259490013,0.934375
31,230,0.17076539248228073,0.94375
31,240,0.1515333831310272,0.940625
31,250,0.158425285667181,0.940625
31,260,0.13620537780225278,0.95625
31,270,0.2283269215375185,0.9375
31,280,0.2250552985817194,0.925
31,290,0.16270901896059514,0.9625
31,300,0.21257893554866314,0.91875
32,10,0.1746915265917778,0.93125
32,20,0.10974846817553044,0.959375
32,30,0.17132021263241767,0.946875
32,40,0.15288635306060314,0.94375
32,50,0.14239540956914426,0.959375
32,60,0.2353755921125412,0.91875
32,70,0.23797590769827365,0.915625
32,80,0.17065142318606377,0.93125
32,90,0.21181988343596458,0.928125
32,100,0.1493757702410221,0.94375
32,110,0.1553807158023119,0.94375
32,120,0.13115560151636602,0.95
32,130,0.138449296168983,0.95625
32,140,0.17152166701853275,0.95
32,150,0.1935870125889778,0.9375
32,160,0.1386211059987545,0.95
32,170,0.16135687083005906,0.946875
32,180,0.16570294052362441,0.946875
32,190,0.1672344122081995,0.94375
32,200,0.1492763876914978,0.940625
32,210,0.18253645226359366,0.934375
32,220,0.1500828044489026,0.946875
32,230,0.12206591106951237,0.9625
32,240,0.16473887637257575,0.94375
32,250,0.13092667534947394,0.971875
32,260,0.2250736441463232,0.925
32,270,0.14521975442767143,0.95
32,280,0.22124760448932648,0.921875
32,290,0.20711182672530412,0.934375
32,300,0.16986638829112052,0.95
33,10,0.1251595564186573,0.965625
33,20,0.13078857772052288,0.95
33,30,0.1498254355043173,0.946875
33,40,0.22153151985257863,0.928125
33,50,0.10509538054466247,0.965625
33,60,0.13237644489854575,0.9625
33,70,0.1192398302257061,0.9625
33,80,0.15186669006943704,0.95625
33,90,0.09419859629124402,0.975
33,100,0.12137044034898281,0.959375
33,110,0.11960971765220166,0.95625
33,120,0.08765702322125435,0.965625
33,130,0.19645265089347957,0.9375
33,140,0.22535514682531357,0.940625
33,150,0.13910082280635833,0.959375
33,160,0.1735265638679266,0.9375
33,170,0.16383490040898324,0.9375
33,180,0.18681841418147088,0.940625
33,190,0.12430548928678035,0.95625
33,200,0.22833779007196425,0.921875
33,210,0.1761939037591219,0.93125
33,220,0.13080811854451896,0.95
33,230,0.1941264455206692,0.9375
33,240,0.1521146759390831,0.953125
33,250,0.10664161471650005,0.95625
33,260,0.16054391246289015,0.946875
33,270,0.2106918975710869,0.928125
33,280,0.21981681063771247,0.925
33,290,0.17307617217302323,0.93125
33,300,0.16642786599695683,0.95
34,10,0.13246458861976862,0.9375
34,20,0.0775007251650095,0.984375
34,30,0.11205278616398573,0.9625
34,40,0.12569719254970552,0.946875
34,50,0.1276334185153246,0.953125
34,60,0.11017915848642587,0.9625
34,70,0.14130947552621365,0.95625
34,80,0.09520349632948637,0.9625
34,90,0.11357310796156525,0.9625
34,100,0.15474301129579543,0.9375
34,110,0.12789836153388023,0.95
34,120,0.10266058146953583,0.971875
34,130,0.14765967335551977,0.95625
34,140,0.14496361687779427,0.95625
34,150,0.14923925381153821,0.965625
34,160,0.12021512119099498,0.95625
34,170,0.19000228494405746,0.946875
34,180,0.12637707218527794,0.953125
34,190,0.14115832187235355,0.94375
34,200,0.11961607299745083,0.95625
34,210,0.10898170955479144,0.965625
34,220,0.14168000221252441,0.959375
34,230,0.1541851319372654,0.94375
34,240,0.1568933565169573,0.95
34,250,0.18865014836192132,0.95
34,260,0.1535122413188219,0.95625
34,270,0.13000713270157577,0.95625
34,280,0.1531613005325198,0.940625
34,290,0.13368303179740906,0.94375
34,300,0.21882679611444472,0.925
35,10,0.13894708417356014,0.9375
35,20,0.15168269239366056,0.940625
35,30,0.15639644898474217,0.94375
35,40,0.07585790976881981,0.96875
35,50,0.1698887838050723,0.93125
35,60,0.14888086691498756,0.95
35,70,0.16200436502695084,0.946875
35,80,0.10699728671461343,0.965625
35,90,0.1905361980199814,0.925
35,100,0.11849200762808323,0.959375
35,110,0.11715854480862617,0.95625
35,120,0.11501917913556099,0.965625
35,130,0.08467714013531805,0.971875
35,140,0.07747274972498416,0.965625
35,150,0.15445101335644723,0.953125
35,160,0.09252335708588362,0.96875
35,170,0.14085190035402775,0.940625
35,180,0.14424676820635796,0.959375
35,190,0.09561257534660399,0.9625
35,200,0.17135867923498155,0.934375
35,210,0.14541015550494193,0.95
35,220,0.13730507344007492,0.946875
35,230,0.129608956258744,0.946875
35,240,0.1726203329861164,0.94375
35,250,0.14232558161020278,0.959375
35,260,0.15665175803005696,0.95
35,270,0.18430287316441535,0.934375
35,280,0.16068639494478704,0.95
35,290,0.1712234504520893,0.940625
35,300,0.13611075971275569,0.953125
36,10,0.10808827169239521,0.95625
36,20,0.10173594979569316,0.9625
36,30,0.12107090502977372,0.965625
36,40,0.10423280149698258,0.953125
36,50,0.0707702662795782,0.984375
36,60,0.09130550846457482,0.975
36,70,0.12300269901752472,0.959375
36,80,0.11932139936834574,0.946875
36,90,0.13694825507700442,0.959375
36,100,0.09202100727707148,0.9625
36,110,0.1411881733685732,0.959375
36,120,0.1631557583808899,0.94375
36,130,0.12880588490515948,0.94375
36,140,0.1451415244489908,0.959375
36,150,0.13345021195709705,0.959375
36,160,0.10939624421298504,0.95625
36,170,0.11728008482605219,0.971875
36,180,0.11855609975755214,0.965625
36,190,0.11917470730841159,0.9625
36,200,0.10163654927164316,0.965625
36,210,0.1319068381562829,0.95
36,220,0.12819340750575065,0.959375
36,230,0.08594645708799362,0.978125
36,240,0.1174042921513319,0.965625
36,250,0.11160334078595043,0.959375
36,260,0.1663866054266691,0.946875
36,270,0.12687107492238284,0.9625
36,280,0.15943919401615858,0.946875
36,290,0.17399530336260796,0.946875
36,300,0.09316164422780275,0.975
37,10,0.11215364802628755,0.965625
37,20,0.17884654253721238,0.94375
37,30,0.1527010180056095,0.94375
37,40,0.10983920209109783,0.965625
37,50,0.13707773238420487,0.9625
37,60,0.13871683813631536,0.94375
37,70,0.13665424659848213,0.946875
37,80,0.11895479857921601,0.953125
37,90,0.12935598380863667,0.95
37,100,0.19663131572306156,0.93125
37,110,0.11369293592870236,0.9625
37,120,0.14626729730516672,0.95625
37,130,0.14753194972872735,0.946875
37,140,0.12592743504792453,0.95625
37,150,0.2180815026164055,0.925
37,160,0.13682578317821026,0.95625
37,170,0.10865654163062573,0.95625
37,180,0.1534077651798725,0.940625
37,190,0.1600840337574482,0.959375
37,200,0.16177832894027233,0.934375
37,210,0.101322877779603,0.959375
37,220,0.14759731963276862,0.96875
37,230,0.14289634861052036,0.940625
37,240,0.1316744988784194,0.95625
37,250,0.10800912836566567,0.965625
37,260,0.12761828638613223,0.959375
37,270,0.15669437628239394,0.95
37,280,0.14631156399846076,0.94375
37,290,0.23686640057712793,0.915625
37,300,0.1551467776298523,0.93125
38,10,0.09338318388909102,0.971875
38,20,0.1243069538846612,0.95625
38,30,0.13348084464669227,0.94375
38,40,0.0821378001011908,0.971875
38,50,0.1103629782795906,0.965625
38,60,0.12179521657526493,0.953125
38,70,0.12135103112086654,0.94375
38,80,0.07294760858640074,0.98125
38,90,0.07109161745756865,0.98125
38,100,0.07426558919250965,0.975
38,110,0.11880023628473282,0.959375
38,120,0.10228225328028202,0.965625
38,130,0.16347458437085152,0.940625
38,140,0.1699128257110715,0.95
38,150,0.13060666844248772,0.946875
38,160,0.14256525915116072,0.946875
38,170,0.16007475536316634,0.934375
38,180,0.11977048087865114,0.965625
38,190,0.16953996568918228,0.94375
38,200,0.1574029853567481,0.953125
38,210,0.1015684638172388,0.975
38,220,0.1054796390235424,0.975
38,230,0.10095223486423492,0.9625
38,240,0.12144363597035408,0.946875
38,250,0.11160103511065245,0.95625
38,260,0.13994072889909148,0.959375
38,270,0.12932547004893422,0.95625
38,280,0.07214408153668046,0.9875
38,290,0.1880951698869467,0.928125
38,300,0.16547714583575726,0.9375
39,10,0.08392120189964772,0.975
39,20,0.1473338384181261,0.94375
39,30,0.1396336268633604,0.953125
39,40,0.12306492812931538,0.95625
39,50,0.08668239563703536,0.971875
39,60,0.07061147214844823,0.975
39,70,0.06666581053286791,0.98125
39,80,0.10276258159428835,0.965625
39,90,0.11516753043979407,0.959375
39,100,0.0923139663413167,0.975
39,110,0.11022894689813256,0.9625
39,120,0.1396035771816969,0.95625
39,130,0.13880276195704938,0.9625
39,140,0.1931836610659957,0.93125
39,150,0.16098049189895391,0.95
39,160,0.09957035966217517,0.965625
39,170,0.1048667460680008,0.965625
39,180,0.15284703746438028,0.9375
39,190,0.10320020341314376,0.9625
39,200,0.0927595087327063,0.965625
39,210,0.1331473458558321,0.95
39,220,0.10968273039907217,0.9625
39,230,0.10435177502222359,0.959375
39,240,0.15330903120338918,0.95
39,250,0.11235741898417473,0.9625
39,260,0.16687327586114406,0.95
39,270,0.14268101006746292,0.953125
39,280,0.12043107226490975,0.9625
39,290,0.16428953185677528,0.94375
39,300,0.1176747303456068,0.95625
40,10,0.11041861181147397,0.959375
40,20,0.09236117396503687,0.978125
40,30,0.08634230792522431,0.965625
40,40,0.11740828566253185,0.953125
40,50,0.12059125993400813,0.959375
40,60,0.1450734356418252,0.940625
40,70,0.10604785028845072,0.953125
40,80,0.11603516861796379,0.959375
40,90,0.12498302944004536,0.9625
40,100,0.11724183075129986,0.953125
40,110,0.15196280665695666,0.95625
40,120,0.09933045813813805,0.9625
40,130,0.16478360183537005,0.95
40,140,0.1462510984390974,0.95625
40,150,0.13545294292271137,0.946875
40,160,0.14863186925649643,0.953125
40,170,0.10822852067649365,0.95625
40,180,0.1233725979924202,0.965625
40,190,0.0862152760848403,0.965625
40,200,0.13338315449655055,0.95
40,210,0.12678384110331536,0.95
40,220,0.16964998170733453,0.946875
40,230,0.18779704868793487,0.925
40,240,0.09609605986624956,0.965625
40,250,0.11236610002815724,0.959375
40,260,0.10365593656897545,0.95
40,270,0.14596835914999245,0.946875
40,280,0.12787416502833365,0.9625
40,290,0.14027035869657994,0.95625
40,300,0.1796877482905984,0.953125
41,10,0.16601321175694467,0.940625
41,20,0.07903567254543305,0.971875
41,30,0.1289984442293644,0.959375
41,40,0.13324122857302428,0.95625
41,50,0.07709785159677267,0.971875
41,60,0.1188090829178691,0.959375
41,70,0.1109145700931549,0.946875
41,80,0.10220162123441696,0.959375
41,90,0.08459025821648539,0.971875
41,100,0.10545670613646507,0.9625
41,110,0.13030835576355457,0.959375
41,120,0.13023228161036968,0.959375
41,130,0.09084703428670764,0.96875
41,140,0.12377542946487666,0.946875
41,150,0.11295181289315223,0.9625
41,160,0.10685661500319839,0.9625
41,170,0.1610478712245822,0.94375
41,180,0.09604237545281649,0.96875
41,190,0.15483448021113871,0.946875
41,200,0.13415896687656642,0.946875
41,210,0.1482609935104847,0.95
41,220,0.12814190834760666,0.940625
41,230,0.13253002613782883,0.953125
41,240,0.09885866325348616,0.965625
41,250,0.17940082233399152,0.93125
41,260,0.10818038135766983,0.965625
41,270,0.16277543902397157,0.940625
41,280,0.0791320925578475,0.975
41,290,0.07825319543480873,0.978125
41,300,0.11447801999747753,0.965625
42,10,0.12221668679267168,0.959375
42,20,0.11232236325740814,0.971875
42,30,0.12963348925113677,0.95625
42,40,0.14746803753077983,0.953125
42,50,0.10250760661438107,0.9625
42,60,0.15863965209573508,0.953125
42,70,0.07172218291088939,0.98125
42,80,0.10459508094936609,0.9625
42,90,0.06317819450050592,0.98125
42,100,0.0989896770566702,0.971875
42,110,0.16569131379947066,0.953125
42,120,0.0983671996742487,0.971875
42,130,0.08738324269652367,0.9625
42,140,0.07104205694049597,0.975
42,150,0.10632215468212962,0.959375
42,160,0.08903555516153575,0.9625
42,170,0.11832117652520538,0.9625
42,180,0.09129589078947901,0.971875
42,190,0.1523180976510048,0.95625
42,200,0.16327496953308582,0.94375
42,210,0.1468213103711605,0.95625
42,220,0.09164779894053936,0.975
42,230,0.19901082403957843,0.925
42,240,0.10987945012748242,0.9625
42,250,0.08856040257960558,0.96875
42,260,0.11638494040817023,0.959375
42,270,0.11940523292869329,0.946875
42,280,0.11650097407400609,0.959375
42,290,0.09745446965098381,0.96875
42,300,0.09619496585801243,0.971875
43,10,0.07568613756448031,0.975
43,20,0.17340093292295933,0.953125
43,30,0.13989827707409858,0.959375
43,40,0.17077082302421331,0.9375
43,50,0.08108753133565187,0.98125
43,60,0.08532500490546227,0.978125
43,70,0.11339272651821375,0.95625
43,80,0.09912711568176746,0.971875
43,90,0.11128682997077703,0.965625
43,100,0.07243683417327702,0.975
43,110,0.05302625112235546,0.9875
43,120,0.17796861939132214,0.94375
43,130,0.13190637528896332,0.959375
43,140,0.07209574040025472,0.971875
43,150,0.10247740857303142,0.953125
43,160,0.11802563555538655,0.96875
43,170,0.10463523585349321,0.9625
43,180,0.09154497059062124,0.959375
43,190,0.14255223758518695,0.953125
43,200,0.08450455814599991,0.971875
43,210,0.1182343678548932,0.953125
43,220,0.07928375508636236,0.96875
43,230,0.1362411212641746,0.946875
43,240,0.07415159977972507,0.971875
43,250,0.11846866235136985,0.940625
43,260,0.1053893642500043,0.953125
43,270,0.1121114494279027,0.9625
43,280,0.1387338710948825,0.95625
43,290,0.10556801659986377,0.971875
43,300,0.1583485096693039,0.95
44,10,0.13397587612271308,0.953125
44,20,0.06052224561572075,0.98125
44,30,0.08866160386241972,0.965625
44,40,0.12342027351260185,0.95625
44,50,0.08492636568844318,0.96875
44,60,0.07668961472809314,0.978125
44,70,0.06742124482989312,0.96875
44,80,0.08997936081141233,0.971875
44,90,0.1014636855572462,0.953125
44,100,0.052149256016127764,0.984375
44,110,0.10273501556366682,0.96875
44,120,0.16672003343701364,0.94375
44,130,0.14115503523498774,0.95625
44,140,0.0918956975452602,0.9625
44,150,0.16217053532600403,0.940625
44,160,0.11462376452982426,0.95625
44,170,0.09239297853782773,0.96875
44,180,0.13835957907140256,0.953125
44,190,0.08875448666512967,0.96875
44,200,0.09673864068463445,0.965625
44,210,0.12017902499064803,0.965625
44,220,0.09965003691613675,0.965625
44,230,0.10159974005073309,0.965625
44,240,0.10950582884252072,0.95625
44,250,0.09533819570206106,0.96875
44,260,0.07926736734807491,0.975
44,270,0.1391470804810524,0.95
44,280,0.1341876784339547,0.953125
44,290,0.14047355810180306,0.96875
44,300,0.11608415860682726,0.95625
45,10,0.10093554183840751,0.953125
45,20,0.04740196103230119,0.984375
45,30,0.14652991788461806,0.95625
45,40,0.10963697265833616,0.9625
45,50,0.09432032322511077,0.9625
45,60,0.07709243251010775,0.978125
45,70,0.11213522106409073,0.959375
45,80,0.10027728583663702,0.965625
45,90,0.11566078523173928,0.95
45,100,0.11097438409924507,0.965625
45,110,0.11554507464170456,0.9625
45,120,0.09874106906354427,0.975
45,130,0.08393786009401083,0.975
45,140,0.11746958680450917,0.953125
45,150,0.08303618710488081,0.971875
45,160,0.08012277856469155,0.971875
45,170,0.11882095150649548,0.9625
45,180,0.11011951947584749,0.959375
45,190,0.09514290299266577,0.965625
45,200,0.08108450174331665,0.971875
45,210,0.16816631704568863,0.9375
45,220,0.12783766612410546,0.953125
45,230,0.12333896346390247,0.959375
45,240,0.10481878742575645,0.9625
45,250,0.1092807587236166,0.953125
45,260,0.11940309992060065,0.953125
45,270,0.06202269149944186,0.978125
45,280,0.12002088688313961,0.95
45,290,0.15035654678940774,0.953125
45,300,0.08589250203222036,0.971875
46,10,0.10175077021121978,0.9625
46,20,0.09171238355338573,0.959375
46,30,0.048845923598855735,0.984375
46,40,0.057948545180261136,0.98125
46,50,0.09735281895846129,0.9625
46,60,0.11641642246395349,0.959375
46,70,0.15886548571288586,0.95
46,80,0.09456844981759786,0.9625
46,90,0.09788500778377056,0.96875
46,100,0.09970562164671719,0.9625
46,110,0.08196151647716761,0.971875
46,120,0.11887177228927612,0.959375
46,130,0.09100708477199078,0.965625
46,140,0.08268290506675839,0.978125
46,150,0.1142840915825218,0.98125
46,160,0.09846664480865001,0.978125
46,170,0.14554858561605216,0.95625
46,180,0.09597476497292519,0.9625
46,190,0.10829864721745253,0.965625
46,200,0.0889195779338479,0.96875
46,210,0.08722760044038295,0.96875
46,220,0.07420069426298141,0.978125
46,230,0.12865109108388423,0.95625
46,240,0.1482678229920566,0.95625
46,250,0.12169406693428755,0.95
46,260,0.1696843009442091,0.9375
46,270,0.1082780759781599,0.971875
46,280,0.11685831248760223,0.971875
46,290,0.16210634671151639,0.953125
46,300,0.12524960301816462,0.95625
47,10,0.13317343387752772,0.946875
47,20,0.08901215363293886,0.975
47,30,0.12353632133454084,0.940625
47,40,0.0676654671318829,0.975
47,50,0.08783466089516878,0.96875
47,60,0.08425338361412286,0.96875
47,70,0.12461529895663262,0.940625
47,80,0.11180180609226227,0.965625
47,90,0.09187233853153884,0.96875
47,100,0.07291005365550518,0.975
47,110,0.09855198506265879,0.9625
47,120,0.1294685948640108,0.94375
47,130,0.06437921649776399,0.96875
47,140,0.09391086623072624,0.971875
47,150,0.09374813362956047,0.96875
47,160,0.07583557155448943,0.965625
47,170,0.06353237167932094,0.975
47,180,0.10995625867508352,0.965625
47,190,0.045968979387544094,0.9875
47,200,0.10123619874939323,0.95625
47,210,0.11512227784842252,0.96875
47,220,0.07638515653088689,0.98125
47,230,0.11687075346708298,0.95625
47,240,0.11502276938408613,0.95625
47,250,0.09645168110728264,0.9625
47,260,0.13030516691505908,0.95625
47,270,0.12558489963412284,0.953125
47,280,0.06469095926731824,0.98125
47,290,0.10925208106637001,0.95625
47,300,0.1435676846653223,0.95625
48,10,0.10696105640381574,0.96875
48,20,0.05835013380274177,0.978125
48,30,0.07123475167900324,0.975
48,40,0.05814651930704713,0.971875
48,50,0.06963004674762488,0.971875
48,60,0.08487176261842251,0.9625
48,70,0.06252884240821004,0.965625
48,80,0.10237201987765729,0.95625
48,90,0.09541930742561817,0.965625
48,100,0.08234804533421994,0.971875
48,110,0.10724752601236105,0.965625
48,120,0.05374223021790385,0.9875
48,130,0.10113744935952126,0.965625
48,140,0.10636919997632503,0.9625
48,150,0.10623584296554327,0.95625
48,160,0.1170990145765245,0.965625
48,170,0.06672985460609197,0.98125
48,180,0.07993825189769269,0.971875
48,190,0.1114478351548314,0.96875
48,200,0.06911544115282595,0.98125
48,210,0.09418074749410152,0.965625
48,220,0.09545349804684519,0.965625
48,230,0.1627489749342203,0.953125
48,240,0.10754298008978366,0.975
48,250,0.09337261551991105,0.96875
48,260,0.14418283049017191,0.95
48,270,0.1252093194052577,0.965625
48,280,0.10645591989159583,0.9625
48,290,0.1160489784553647,0.95
48,300,0.10283400341868401,0.9625
49,10,0.12850745925679802,0.96875
49,20,0.0653574861586094,0.98125
49,30,0.14774779733270407,0.95625
49,40,0.07964566289447247,0.975
49,50,0.11231554783880711,0.965625
49,60,0.06812799293547869,0.978125
49,70,0.0762943415902555,0.978125
49,80,0.14421823546290397,0.946875
49,90,0.07197908814996481,0.975
49,100,0.11436604540795088,0.965625
49,110,0.09195895697921515,0.975
49,120,0.09805854493752122,0.959375
49,130,0.0719544422114268,0.984375
49,140,0.11214088350534439,0.96875
49,150,0.1326023956760764,0.959375
49,160,0.13918450474739075,0.971875
49,170,0.12441422613337635,0.94375
49,180,0.09695044336840511,0.9625
49,190,0.11259813718497753,0.9625
49,200,0.11985571011900902,0.971875
49,210,0.10243440847843885,0.959375
49,220,0.0905877947807312,0.9625
49,230,0.09977662833407522,0.975
49,240,0.1307925541885197,0.95625
49,250,0.10021841078996659,0.965625
49,260,0.09306221529841423,0.965625
49,270,0.06234145276248455,0.9875
49,280,0.0632699927315116,0.975
49,290,0.0833997916430235,0.9625
49,300,0.07968567633070052,0.96875
