0,10,3.5620465993881227,0.09375
0,20,3.1944016933441164,0.203125
0,30,2.9911788940429687,0.265625
0,40,2.7332922220230103,0.309375
0,50,2.4745795249938967,0.353125
0,60,2.5457173109054567,0.309375
0,70,2.519063925743103,0.30625
0,80,2.6217159271240233,0.278125
0,90,2.338874173164368,0.409375
0,100,2.285752367973328,0.334375
0,110,2.2686364531517027,0.3875
0,120,2.2917559266090395,0.38125
0,130,2.0154184341430663,0.43125
0,140,2.0440619230270385,0.4875
0,150,1.9658366799354554,0.465625
0,160,1.9183554291725158,0.471875
0,170,2.015922248363495,0.428125
0,180,2.0267785787582397,0.453125
0,190,1.742942452430725,0.55
0,200,1.7364966154098511,0.546875
0,210,1.6797317266464233,0.553125
0,220,1.826375949382782,0.528125
0,230,1.7616952657699585,0.51875
0,240,1.7424003601074218,0.528125
0,250,1.7836883425712586,0.4875
0,260,1.4944474339485168,0.5875
0,270,1.6019709587097168,0.534375
0,280,1.6073304533958435,0.559375
0,290,1.4884405255317688,0.609375
0,300,1.4826362013816834,0.565625
1,10,1.5253049850463867,0.5625
1,20,1.3076647639274597,0.640625
1,30,1.4853399038314818,0.56875
1,40,1.2929574966430664,0.653125
1,50,1.2439248085021972,0.65625
1,60,1.3397675514221192,0.628125
1,70,1.2909078478813172,0.61875
1,80,1.1221848368644713,0.68125
1,90,1.2891610860824585,0.625
1,100,1.2433040499687196,0.653125
1,110,1.224231493473053,0.678125
1,120,1.2796379208564759,0.625
1,130,1.094362384080887,0.70625
1,140,1.0881622552871704,0.70625
1,150,1.297854447364807,0.615625
1,160,1.0833228886127473,0.7125
1,170,1.0690253734588624,0.678125
1,180,1.142274260520935,0.684375
1,190,1.1829003512859344,0.675
1,200,1.0259675681591034,0.709375
1,210,1.006859266757965,0.7125
1,220,1.0851114511489868,0.690625
1,230,1.1504743158817292,0.684375
1,240,1.0140814185142517,0.728125
1,250,1.0461711764335633,0.696875
1,260,1.123399591445923,0.69375
1,270,0.9428460478782654,0.728125
1,280,0.9631620347499847,0.703125
1,290,0.8834419071674346,0.75
1,300,0.8804148733615875,0.73125
2,10,1.0345691561698913,0.7
2,20,0.9009730100631714,0.7
2,30,0.7850746810436249,0.765625
2,40,0.7840258240699768,0.790625
2,50,0.9007225155830383,0.753125
2,60,0.8320698350667953,0.728125
2,70,0.7590256243944168,0.771875
2,80,0.8160568535327911,0.75
2,90,0.6981030583381653,0.790625
2,100,0.8690834611654281,0.775
2,110,0.8742501854896545,0.73125
2,120,0.84637850522995,0.75
2,130,0.858186012506485,0.74375
2,140,0.6913972198963165,0.821875
2,150,0.7796070158481598,0.803125
2,160,0.6698341578245163,0.7875
2,170,0.7567321419715881,0.775
2,180,0.8363353431224823,0.753125
2,190,0.6979287713766098,0.784375
2,200,0.7693761736154556,0.803125
2,210,0.6964135497808457,0.78125
2,220,0.728436267375946,0.7875
2,230,0.7893878132104873,0.775
2,240,0.8438896477222443,0.7625
2,250,0.8494435608386993,0.753125
2,260,0.658993262052536,0.803125
2,270,0.8463888823986053,0.734375
2,280,0.7908268690109252,0.765625
2,290,0.7733824759721756,0.7625
2,300,0.7939980804920197,0.734375
3,10,0.6227057904005051,0.8125
3,20,0.7003081858158111,0.803125
3,30,0.7315945982933044,0.796875
3,40,0.6347062021493912,0.815625
3,50,0.6560593008995056,0.8
3,60,0.623935267329216,0.80625
3,70,0.5918458521366119,0.825
3,80,0.6443898767232895,0.775
3,90,0.6571905016899109,0.8125
3,100,0.580461609363556,0.825
3,110,0.7455313593149185,0.75
3,120,0.7035234242677688,0.7875
3,130,0.6468511074781418,0.7875
3,140,0.7621919959783554,0.7625
3,150,0.6975297570228577,0.803125
3,160,0.546961510181427,0.83125
3,170,0.5220430433750153,0.84375
3,180,0.6295252859592437,0.809375
3,190,0.49694608747959135,0.834375
3,200,0.5769972115755081,0.825
3,210,0.6434775829315186,0.80625
3,220,0.6171935826539994,0.81875
3,230,0.60541273355484,0.821875
3,240,0.602634483575821,0.81875
3,250,0.5505673587322235,0.834375
3,260,0.6598973572254181,0.796875
3,270,0.6376377791166306,0.79375
3,280,0.4941489487886429,0.846875
3,290,0.49417532086372373,0.859375
3,300,0.5520471423864365,0.815625
4,10,0.47732668966054914,0.890625
4,20,0.46965735256671903,0.85625
4,30,0.5248986139893532,0.83125
4,40,0.5735542684793472,0.828125
4,50,0.5399000734090805,0.828125
4,60,0.5252199083566665,0.840625
4,70,0.49933443069458006,0.846875
4,80,0.5452401578426361,0.83125
4,90,0.48155536949634553,0.853125
4,100,0.497879347205162,0.828125
4,110,0.5078491479158401,0.85625
4,120,0.4491057023406029,0.853125
4,130,0.5465593278408051,0.834375
4,140,0.475597482919693,0.83125
4,150,0.5286952584981919,0.85
4,160,0.5717946976423264,0.81875
4,170,0.5781040638685226,0.84375
4,180,0.7207933813333511,0.78125
4,190,0.40731977224349974,0.878125
4,200,0.5460778906941414,0.828125
4,210,0.5115216135978699,0.859375
4,220,0.4462290644645691,0.878125
4,230,0.47999304831027984,0.871875
4,240,0.5533381283283234,0.840625
4,250,0.43744595497846606,0.878125
4,260,0.5595841974020004,0.828125
4,270,0.5333397537469864,0.834375
4,280,0.4956162184476852,0.8625
4,290,0.48592315912246703,0.8375
4,300,0.48002680838108064,0.846875
5,10,0.42542844414711,0.865625
5,20,0.4359121471643448,0.865625
5,30,0.46133074164390564,0.859375
5,40,0.5647688537836075,0.825
5,50,0.4519671559333801,0.875
5,60,0.46621257811784744,0.871875
5,70,0.5338753879070282,0.853125
5,80,0.41476958692073823,0.865625
5,90,0.5599492967128754,0.859375
5,100,0.5228757381439209,0.853125
5,110,0.5519229233264923,0.81875
5,120,0.5217498868703843,0.846875
5,130,0.49680777490139005,0.834375
5,140,0.38571112751960757,0.903125
5,150,0.4739548370242119,0.85
5,160,0.5576317042112351,0.834375
5,170,0.3736024871468544,0.8875
5,180,0.5875573068857193,0.81875
5,190,0.5000187814235687,0.840625
5,200,0.45692860782146455,0.8625
5,210,0.6447940766811371,0.809375
5,220,0.4924701064825058,0.875
5,230,0.36421323418617246,0.884375
5,240,0.37556815445423125,0.896875
5,250,0.4287497654557228,0.8625
5,260,0.3946894735097885,0.871875
5,270,0.5256735116243363,0.85625
5,280,0.4273996353149414,0.875
5,290,0.4709481239318848,0.86875
5,300,0.3345140114426613,0.890625
6,10,0.39440053179860113,0.871875
6,20,0.5158195674419404,0.825
6,30,0.35086129903793334,0.88125
6,40,0.4057634547352791,0.88125
6,50,0.45861745774745943,0.85625
6,60,0.34677490741014483,0.8875
6,70,0.3758169949054718,0.890625
6,80,0.4868879824876785,0.859375
6,90,0.40763954669237135,0.86875
6,100,0.40631615221500395,0.859375
6,110,0.3908951386809349,0.86875
6,120,0.41817349195480347,0.88125
6,130,0.37587419599294664,0.89375
6,140,0.4474442094564438,0.859375
6,150,0.38259611576795577,0.865625
6,160,0.4380268961191177,0.865625
6,170,0.2963453158736229,0.90625
6,180,0.4208012580871582,0.865625
6,190,0.4075202032923698,0.875
6,200,0.46350710839033127,0.85
6,210,0.4674930214881897,0.846875
6,220,0.48787452280521393,0.85
6,230,0.42045138627290723,0.88125
6,240,0.4276359900832176,0.86875
6,250,0.3160564824938774,0.89375
6,260,0.3760409340262413,0.878125
6,270,0.33351984471082685,0.8875
6,280,0.4033059924840927,0.871875
6,290,0.40732227712869645,0.875
6,300,0.38309636414051057,0.884375
7,10,0.3104557156562805,0.89375
7,20,0.36500566601753237,0.884375
7,30,0.3102256014943123,0.90625
7,40,0.3206574484705925,0.909375
7,50,0.34052450954914093,0.903125
7,60,0.4341573178768158,0.86875
7,70,0.39680099189281465,0.86875
7,80,0.3178457975387573,0.890625
7,90,0.30728567615151403,0.896875
7,100,0.3552387669682503,0.884375
7,110,0.3824933171272278,0.871875
7,120,0.34747477918863295,0.875
7,130,0.3282370150089264,0.8875
7,140,0.3275450959801674,0.884375
7,150,0.355833974480629,0.884375
7,160,0.32567826434969904,0.896875
7,170,0.3734459146857262,0.8625
7,180,0.4487276718020439,0.8625
7,190,0.33395056873559953,0.88125
7,200,0.4754283219575882,0.859375
7,210,0.41439236849546435,0.865625
7,220,0.4473912760615349,0.8625
7,230,0.4493620529770851,0.8625
7,240,0.40926122218370437,0.865625
7,250,0.3195235401391983,0.903125
7,260,0.3746464177966118,0.89375
7,270,0.46007575541734697,0.871875
7,280,0.4660406619310379,0.846875
7,290,0.510545726120472,0.853125
7,300,0.3816137954592705,0.865625
8,10,0.3546306625008583,0.903125
8,20,0.3122937887907028,0.896875
8,30,0.30161015689373016,0.921875
8,40,0.3503246381878853,0.88125
8,50,0.3540715277194977,0.89375
8,60,0.33833873718976976,0.871875
8,70,0.2789900407195091,0.9125
8,80,0.28252595439553263,0.91875
8,90,0.3208376750349998,0.903125
8,100,0.29783197566866876,0.90625
8,110,0.3413147747516632,0.90625
8,120,0.3149986758828163,0.903125
8,130,0.3201484248042107,0.9
8,140,0.30734444707632064,0.896875
8,150,0.34036238938570024,0.88125
8,160,0.2727493554353714,0.903125
8,170,0.2762105748057365,0.915625
8,180,0.36717370301485064,0.88125
8,190,0.35908341631293295,0.884375
8,200,0.29675139486789703,0.90625
8,210,0.36585888266563416,0.878125
8,220,0.37144708558917044,0.86875
8,230,0.31922689378261565,0.896875
8,240,0.3061527252197266,0.9125
8,250,0.393961763381958,0.903125
8,260,0.29667109698057176,0.9
8,270,0.36782018318772314,0.865625
8,280,0.30277938991785047,0.878125
8,290,0.28728610277175903,0.884375
8,300,0.3919071614742279,0.878125
9,10,0.24569489434361458,0.940625
9,20,0.3223743006587029,0.90625
9,30,0.29351745545864105,0.915625
9,40,0.3053977608680725,0.89375
9,50,0.3020195670425892,0.896875
9,60,0.22496886402368546,0.953125
9,70,0.32476951479911803,0.88125
9,80,0.23335069939494132,0.93125
9,90,0.2267637863755226,0.91875
9,100,0.35670495629310606,0.909375
9,110,0.24983733892440796,0.909375
9,120,0.28349899798631667,0.9125
9,130,0.2887925587594509,0.91875
9,140,0.19049483314156532,0.934375
9,150,0.31788152530789376,0.896875
9,160,0.32999483197927476,0.90625
9,170,0.31742520332336427,0.884375
9,180,0.32975071519613264,0.89375
9,190,0.3108899235725403,0.8875
9,200,0.28677155897021295,0.915625
9,210,0.2793711606413126,0.9
9,220,0.389282563328743,0.859375
9,230,0.31941534876823424,0.878125
9,240,0.3312074542045593,0.86875
9,250,0.41747880429029466,0.878125
9,260,0.4046679899096489,0.865625
9,270,0.36519026905298235,0.86875
9,280,0.3411647915840149,0.909375
9,290,0.29791313484311105,0.903125
9,300,0.2661361865699291,0.921875
10,10,0.29324312433600425,0.903125
10,20,0.22792524397373198,0.946875
10,30,0.2538643144071102,0.915625
10,40,0.3168243125081062,0.878125
10,50,0.25900374799966813,0.91875
10,60,0.2714383140206337,0.93125
10,70,0.24060034602880478,0.93125
10,80,0.2547117665410042,0.915625
10,90,0.22449803799390794,0.93125
10,100,0.3185185372829437,0.88125
10,110,0.24221380650997162,0.90625
10,120,0.25901999324560165,0.93125
10,130,0.18373339399695396,0.95
10,140,0.2279914826154709,0.9375
10,150,0.31506427377462387,0.903125
10,160,0.3185619920492172,0.896875
10,170,0.3006318867206573,0.9
10,180,0.33366889506578445,0.903125
10,190,0.28515533208847044,0.9
10,200,0.27380483523011206,0.921875
10,210,0.2576080188155174,0.903125
10,220,0.26012079119682313,0.909375
10,230,0.2646953843533993,0.915625
10,240,0.2709352120757103,0.940625
10,250,0.23750893920660018,0.915625
10,260,0.2826866589486599,0.884375
10,270,0.3465857766568661,0.875
10,280,0.36601691246032714,0.8875
10,290,0.26024704724550246,0.921875
10,300,0.2861958920955658,0.921875
11,10,0.23155405148863792,0.915625
11,20,0.20862386524677276,0.921875
11,30,0.2631317123770714,0.921875
11,40,0.2603966653347015,0.9125
11,50,0.25438546687364577,0.903125
11,60,0.2650438353419304,0.91875
11,70,0.34801621586084364,0.890625
11,80,0.27389602437615396,0.90625
11,90,0.26283115446567534,0.9125
11,100,0.22447819709777833,0.91875
11,110,0.3074785493314266,0.90625
11,120,0.24650632590055466,0.91875
11,130,0.3271342277526855,0.9
11,140,0.29709372520446775,0.903125
11,150,0.23557534515857698,0.921875
11,160,0.2862363137304783,0.928125
11,170,0.26377502605319025,0.9
11,180,0.19300494939088822,0.9375
11,190,0.2975477032363415,0.9125
11,200,0.31514465659856794,0.90625
11,210,0.25371612682938577,0.915625
11,220,0.31342611014842986,0.89375
11,230,0.2998338371515274,0.896875
11,240,0.3965739443898201,0.88125
11,250,0.21157278940081597,0.90625
11,260,0.34273633509874346,0.884375
11,270,0.29603164792060854,0.9
11,280,0.2685945339500904,0.909375
11,290,0.24627563133835792,0.909375
11,300,0.2931413069367409,0.91875
12,10,0.2938405692577362,0.921875
12,20,0.23783837258815765,0.9125
12,30,0.26053512953221797,0.915625
12,40,0.2028483122587204,0.928125
12,50,0.23435375988483428,0.909375
12,60,0.2210311695933342,0.9375
12,70,0.2508809074759483,0.91875
12,80,0.23555612079799176,0.928125
12,90,0.23416284918785096,0.93125
12,100,0.16192750670015812,0.94375
12,110,0.27841235846281054,0.921875
12,120,0.16223603188991548,0.953125
12,130,0.19695935994386674,0.95
12,140,0.1323710832744837,0.95625
12,150,0.2757615104317665,0.9125
12,160,0.21777166947722434,0.915625
12,170,0.23916523307561874,0.921875
12,180,0.2427083145827055,0.928125
12,190,0.27870737910270693,0.903125
12,200,0.278315407037735,0.90625
12,210,0.2936036176979542,0.90625
12,220,0.2498960852622986,0.915625
12,230,0.30022155195474626,0.90625
12,240,0.25871776789426804,0.9125
12,250,0.2873357906937599,0.90625
12,260,0.3132786825299263,0.896875
12,270,0.21225457340478898,0.915625
12,280,0.3208677902817726,0.896875
12,290,0.3228423036634922,0.9
12,300,0.3278661951422691,0.896875
13,10,0.17442433275282382,0.95625
13,20,0.18576941564679145,0.928125
13,30,0.22876477800309658,0.94375
13,40,0.23307598903775215,0.934375
13,50,0.19200118631124496,0.925
13,60,0.1793634347617626,0.928125
13,70,0.22477241232991219,0.921875
13,80,0.23843956291675567,0.928125
13,90,0.15268800742924213,0.95625
13,100,0.1984279178082943,0.94375
13,110,0.17588473446667194,0.946875
13,120,0.22253276370465755,0.93125
13,130,0.18013168461620807,0.928125
13,140,0.22523893043398857,0.9375
13,150,0.22894047498703002,0.925
13,160,0.27193705439567567,0.9125
13,170,0.20796893313527107,0.921875
13,180,0.18616633638739585,0.934375
13,190,0.25845728516578675,0.915625
13,200,0.2840829938650131,0.884375
13,210,0.2337496392428875,0.934375
13,220,0.21184758991003036,0.928125
13,230,0.2284262090921402,0.921875
13,240,0.2914480626583099,0.909375
13,250,0.208595123142004,0.921875
13,260,0.2664997957646847,0.89375
13,270,0.2146407153457403,0.925
13,280,0.2897090643644333,0.89375
13,290,0.2933169201016426,0.890625
13,300,0.37428116500377656,0.890625
14,10,0.16550900414586067,0.95
14,20,0.2510462127625942,0.909375
14,30,0.28488121926784515,0.90625
14,40,0.2626713544130325,0.9125
14,50,0.27263290360569953,0.915625
14,60,0.2552975997328758,0.903125
14,70,0.22578104510903357,0.93125
14,80,0.19242206886410712,0.94375
14,90,0.25294537395238875,0.9
14,100,0.2330145787447691,0.93125
14,110,0.26038228124380114,0.915625
14,120,0.20957593843340874,0.946875
14,130,0.18637789338827132,0.925
14,140,0.1761552482843399,0.94375
14,150,0.23681032806634902,0.921875
14,160,0.20367267429828645,0.9375
14,170,0.19672811552882194,0.928125
14,180,0.2029455803334713,0.925
14,190,0.17087476775050164,0.94375
14,200,0.22924213111400604,0.915625
14,210,0.25786409676074984,0.91875
14,220,0.2847540594637394,0.896875
14,230,0.23893444165587424,0.925
14,240,0.23751504495739936,0.91875
14,250,0.16417199447751046,0.934375
14,260,0.22757264897227286,0.925
14,270,0.23920295238494874,0.921875
14,280,0.2083325929939747,0.93125
14,290,0.2735090464353561,0.909375
14,300,0.23296876773238182,0.91875
15,10,0.2573630571365356,0.925
15,20,0.1818529086187482,0.94375
15,30,0.19535668864846228,0.9375
15,40,0.19059427529573442,0.925
15,50,0.251886872202158,0.909375
15,60,0.23713507056236266,0.9375
15,70,0.27146719247102735,0.9125
15,80,0.21000548228621482,0.934375
15,90,0.21363260075449944,0.915625
15,100,0.21663219034671782,0.93125
15,110,0.19915316998958588,0.928125
15,120,0.26988126561045644,0.90625
15,130,0.24128266274929047,0.921875
15,140,0.22092349752783774,0.93125
15,150,0.2578438438475132,0.921875
15,160,0.22557877153158187,0.925
15,170,0.2457977533340454,0.925
15,180,0.2647140875458717,0.90625
15,190,0.3215332292020321,0.909375
15,200,0.1904570497572422,0.940625
15,210,0.2549979768693447,0.9125
15,220,0.1888537272810936,0.946875
15,230,0.16589338928461075,0.953125
15,240,0.19395444989204408,0.925
15,250,0.20279630050063133,0.940625
15,260,0.29068504720926286,0.9125
15,270,0.2262653589248657,0.928125
15,280,0.19392794780433179,0.93125
15,290,0.2188838806003332,0.91875
15,300,0.1395132217556238,0.953125
16,10,0.09618088528513909,0.96875
16,20,0.20224817395210265,0.934375
16,30,0.19721085205674171,0.93125
16,40,0.18940693885087967,0.934375
16,50,0.12375348191708327,0.946875
16,60,0.2149699456989765,0.928125
16,70,0.219673690199852,0.928125
16,80,0.1562764998525381,0.94375
16,90,0.15982886943966151,0.959375
16,100,0.23402940779924392,0.9
16,110,0.2273732952773571,0.91875
16,120,0.15556902326643468,0.946875
16,130,0.17471858263015747,0.946875
16,140,0.19765012264251708,0.934375
16,150,0.16761391442269086,0.959375
16,160,0.13542292453348637,0.95
16,170,0.21500533819198608,0.928125
16,180,0.19230810254812242,0.9375
16,190,0.19115079715847969,0.9375
16,200,0.16883214619010686,0.934375
16,210,0.2005019798874855,0.9375
16,220,0.21185440979897976,0.915625
16,230,0.22928531281650066,0.921875
16,240,0.1647890631109476,0.946875
16,250,0.24744953848421575,0.925
16,260,0.19343532100319863,0.934375
16,270,0.19855047687888144,0.934375
16,280,0.29845559857785703,0.903125
16,290,0.20012959018349646,0.9375
16,300,0.22692183703184127,0.9125
17,10,0.2349524289369583,0.93125
17,20,0.2228466436266899,0.928125
17,30,0.20719046741724015,0.928125
17,40,0.12266394067555667,0.959375
17,50,0.1574209898710251,0.946875
17,60,0.2013987984508276,0.925
17,70,0.20533336587250234,0.928125
17,80,0.17248762920498847,0.940625
17,90,0.2545485369861126,0.9
17,100,0.1987120322883129,0.934375
17,110,0.2000587098300457,0.934375
17,120,0.1933004915714264,0.934375
17,130,0.1839211106300354,0.928125
17,140,0.17113967426121235,0.946875
17,150,0.1841827668249607,0.925
17,160,0.21946700438857078,0.93125
17,170,0.1457778276875615,0.953125
17,180,0.19086888581514358,0.946875
17,190,0.16761052869260312,0.95625
17,200,0.25287514850497245,0.909375
17,210,0.2050480268895626,0.925
17,220,0.24438758939504623,0.90625
17,230,0.1821857400238514,0.946875
17,240,0.26572799533605573,0.921875
17,250,0.21828667148947717,0.915625
17,260,0.22284251302480698,0.921875
17,270,0.21699793189764022,0.93125
17,280,0.19238850250840187,0.934375
17,290,0.1975956752896309,0.9375
17,300,0.18897441700100898,0.94375
18,10,0.19317025020718576,0.925
18,20,0.18074753694236279,0.934375
18,30,0.20620485227555035,0.921875
18,40,0.13385550770908594,0.959375
18,50,0.1478669110685587,0.95
18,60,0.19259764552116393,0.94375
18,70,0.12555959913879633,0.959375
18,80,0.216619136929512,0.93125
18,90,0.16991138085722923,0.946875
18,100,0.14187830686569214,0.94375
18,110,0.16461739726364613,0.94375
18,120,0.16480333656072615,0.93125
18,130,0.18977611958980561,0.940625
18,140,0.19284084625542164,0.934375
18,150,0.18008692041039467,0.925
18,160,0.157019517570734,0.953125
18,170,0.16885705217719077,0.946875
18,180,0.167415926232934,0.94375
18,190,0.2641483753919601,0.940625
18,200,0.1895016297698021,0.9375
18,210,0.23307236433029174,0.925
18,220,0.14235423356294633,0.95
18,230,0.1769748292863369,0.934375
18,240,0.14943139292299748,0.94375
18,250,0.21389998570084573,0.91875
18,260,0.16422367617487907,0.946875
18,270,0.16218744963407516,0.946875
18,280,0.2261924859136343,0.928125
18,290,0.1855439754202962,0.93125
18,300,0.2083737336099148,0.91875
19,10,0.1932830523699522,0.921875
19,20,0.17312814220786094,0.93125
19,30,0.14375438615679742,0.9375
19,40,0.11143754385411739,0.965625
19,50,0.18273250237107277,0.9375
19,60,0.19488148726522922,0.91875
19,70,0.16520677432417868,0.934375
19,80,0.16622465923428537,0.96875
19,90,0.17821397632360458,0.946875
19,100,0.22299084141850473,0.928125
19,110,0.17230612710118293,0.94375
19,120,0.1759470596909523,0.934375
19,130,0.22879126481711864,0.925
19,140,0.1743642918765545,0.94375
19,150,0.17136693485081195,0.946875
19,160,0.13857468888163565,0.94375
19,170,0.1542606197297573,0.946875
19,180,0.19271512515842915,0.93125
19,190,0.17031060308218002,0.946875
19,200,0.1215830959379673,0.9625
19,210,0.13207447193562985,0.95625
19,220,0.16729443408548833,0.953125
19,230,0.16076459363102913,0.94375
19,240,0.1565668573603034,0.94375
19,250,0.2106903851032257,0.934375
19,260,0.18847218565642834,0.95
19,270,0.18870335072278976,0.928125
19,280,0.18992521688342096,0.93125
19,290,0.2073868153616786,0.93125
19,300,0.17433063983917235,0.94375
20,10,0.1574795175343752,0.940625
20,20,0.15575552955269814,0.946875
20,30,0.18899816572666167,0.946875
20,40,0.19093708284199237,0.934375
20,50,0.1177079737186432,0.965625
20,60,0.12395509853959083,0.9625
20,70,0.1565008363686502,0.959375
20,80,0.12366777397692204,0.95625
20,90,0.16681496165692805,0.95625
20,100,0.21397253312170506,0.921875
20,110,0.16209473982453346,0.94375
20,120,0.1974753685295582,0.921875
20,130,0.09996493663638831,0.959375
20,140,0.14663764983415603,0.953125
20,150,0.1767332635819912,0.934375
20,160,0.1251426015049219,0.9625
20,170,0.17160918954759835,0.953125
20,180,0.11040644943714142,0.965625
20,190,0.18201151434332133,0.94375
20,200,0.13716213339939715,0.9375
20,210,0.2111655093729496,0.921875
20,220,0.15460156425833702,0.940625
20,230,0.16834646761417388,0.95
20,240,0.17871440798044205,0.940625
20,250,0.1969740755856037,0.94375
20,260,0.15692531410604715,0.953125
20,270,0.17773784287273883,0.946875
20,280,0.2059907041490078,0.93125
20,290,0.09319267980754375,0.96875
20,300,0.19448102377355098,0.928125
21,10,0.11090310756117105,0.95625
21,20,0.16504281274974347,0.94375
21,30,0.15100017841905355,0.94375
21,40,0.14197159726172687,0.95
21,50,0.11796424649655819,0.95625
21,60,0.14107270538806915,0.946875
21,70,0.1045689508318901,0.971875
21,80,0.12720924690365792,0.95625
21,90,0.11290128529071808,0.9625
21,100,0.17722083032131195,0.9375
21,110,0.1270942758768797,0.953125
21,120,0.16633719764649868,0.953125
21,130,0.1776902750134468,0.940625
21,140,0.14234469421207904,0.953125
21,150,0.15979158282279968,0.940625
21,160,0.13356016259640455,0.946875
21,170,0.1473282493650913,0.95625
21,180,0.1343720655888319,0.95
21,190,0.1360348355025053,0.95625
21,200,0.21181619651615619,0.93125
21,210,0.1404454056173563,0.9625
21,220,0.1440830297768116,0.9625
21,230,0.1519296022132039,0.959375
21,240,0.1634402208030224,0.940625
21,250,0.14398777410387992,0.946875
21,260,0.14016954638063908,0.95
21,270,0.1441547829657793,0.946875
21,280,0.1620844617486,0.9375
21,290,0.17795541360974312,0.93125
21,300,0.15140293203294278,0.94375
22,10,0.14312976337969302,0.953125
22,20,0.15361473206430673,0.940625
22,30,0.17747554555535316,0.9375
22,40,0.17108281068503856,0.95
22,50,0.14924660548567772,0.940625
22,60,0.12383761759847403,0.946875
22,70,0.1500053523108363,0.928125
22,80,0.1100578173995018,0.965625
22,90,0.1705144438892603,0.953125
22,100,0.2068084202706814,0.934375
22,110,0.1842091165482998,0.925
22,120,0.13809362798929214,0.95
22,130,0.18199368715286254,0.928125
22,140,0.1900916375219822,0.940625
22,150,0.20071860253810883,0.9375
22,160,0.1547979675233364,0.95
22,170,0.1658816769719124,0.953125
22,180,0.13081706091761588,0.95
22,190,0.07948423102498055,0.978125
22,200,0.17577002793550492,0.946875
22,210,0.19394566863775253,0.9375
22,220,0.14551621302962303,0.9625
22,230,0.18358469754457474,0.9375
22,240,0.19206679053604603,0.940625
22,250,0.1825003854930401,0.9375
22,260,0.10897492468357087,0.95625
22,270,0.16648594290018082,0.93125
22,280,0.1865537367761135,0.93125
22,290,0.14635084830224515,0.946875
22,300,0.17055743299424647,0.946875
23,10,0.15970827406272292,0.94375
23,20,0.15597372315824032,0.953125
23,30,0.1432128395885229,0.95
23,40,0.15682657957077026,0.946875
23,50,0.10479862987995148,0.95625
23,60,0.19213611260056496,0.921875
23,70,0.1251036997884512,0.959375
23,80,0.10702482145279646,0.96875
23,90,0.1111483134329319,0.9625
23,100,0.13991052079945804,0.95
23,110,0.12320174686610699,0.95625
23,120,0.12370379008352757,0.9625
23,130,0.12932786494493484,0.9625
23,140,0.1457946054637432,0.94375
23,150,0.08588056042790412,0.971875
23,160,0.14555754829198123,0.953125
23,170,0.1354466171003878,0.953125
23,180,0.12788976747542619,0.959375
23,190,0.14256419390439987,0.940625
23,200,0.12205365560948848,0.965625
23,210,0.1435127193108201,0.95625
23,220,0.1486366644501686,0.940625
23,230,0.15666119009256363,0.940625
23,240,0.1634336866438389,0.946875
23,250,0.12628462053835393,0.95625
23,260,0.14619175307452678,0.94375
23,270,0.1390156952664256,0.94375
23,280,0.17166057769209148,0.953125
23,290,0.1420015273615718,0.965625
23,300,0.22189828976988793,0.9125
24,10,0.18298417497426273,0.94375
24,20,0.12346940264105796,0.959375
24,30,0.11523486860096455,0.959375
24,40,0.130631672590971,0.95625
24,50,0.12032909896224737,0.953125
24,60,0.10785582847893238,0.9625
24,70,0.10077180922962725,0.95625
24,80,0.09305393435060978,0.965625
24,90,0.08919359557330608,0.965625
24,100,0.1233843638561666,0.946875
24,110,0.1269017243757844,0.959375
24,120,0.10393690671771764,0.96875
24,130,0.10885257404297591,0.9625
24,140,0.1330555908381939,0.946875
24,150,0.1418861199170351,0.953125
24,160,0.10721718072891236,0.9625
24,170,0.1539310089312494,0.953125
24,180,0.1043212132062763,0.959375
24,190,0.14941111952066422,0.94375
24,200,0.14666507057845593,0.934375
24,210,0.1090117322281003,0.953125
24,220,0.14304730743169786,0.953125
24,230,0.1091212117113173,0.965625
24,240,0.1525137972086668,0.946875
24,250,0.10526077300310135,0.965625
24,260,0.13585249558091164,0.9375
24,270,0.1726153500378132,0.95625
24,280,0.10997023284435273,0.9625
24,290,0.16327434815466405,0.95625
24,300,0.127760861068964,0.9625
25,10,0.1750888578593731,0.95
25,20,0.15640272870659827,0.940625
25,30,0.1869483958929777,0.934375
25,40,0.10951523426920176,0.953125
25,50,0.1735440853983164,0.94375
25,60,0.05295464787632227,0.99375
25,70,0.11653212122619153,0.95625
25,80,0.1242748973891139,0.9625
25,90,0.13556698895990849,0.9625
25,100,0.09536265321075917,0.965625
25,110,0.10067163072526455,0.946875
25,120,0.09323243610560894,0.96875
25,130,0.15038434490561486,0.946875
25,140,0.11877019479870796,0.965625
25,150,0.18499167636036873,0.940625
25,160,0.1610441880300641,0.965625
25,170,0.14077217020094396,0.96875
25,180,0.21446099746972322,0.925
25,190,0.1520771961659193,0.9375
25,200,0.115570139978081,0.959375
25,210,0.19431357830762863,0.91875
25,220,0.11758377961814404,0.965625
25,230,0.1592449489980936,0.95
25,240,0.18784770667552947,0.928125
25,250,0.13817984759807586,0.95625
25,260,0.16433313228189944,0.946875
25,270,0.11482682153582573,0.953125
25,280,0.17390251904726028,0.9375
25,290,0.14522670656442643,0.946875
25,300,0.1911415971815586,0.953125
26,10,0.16420563459396362,0.95
26,20,0.17154684029519557,0.934375
26,30,0.1444652210921049,0.95
26,40,0.07671278119087219,0.971875
26,50,0.13156681060791015,0.959375
26,60,0.09014747142791749,0.971875
26,70,0.1094973728992045,0.9625
26,80,0.0861001057550311,0.9625
26,90,0.1367892250418663,0.946875
26,100,0.13526365347206593,0.95625
26,110,0.13088119216263294,0.95625
26,120,0.11794427065178752,0.953125
26,130,0.11160649117082358,0.959375
26,140,0.1600687138736248,0.94375
26,150,0.12303835097700358,0.959375
26,160,0.06921165203675628,0.98125
26,170,0.1096430167555809,0.9625
26,180,0.13159389831125737,0.94375
26,190,0.12243840992450714,0.946875
26,200,0.13063630424439907,0.9625
26,210,0.17791109792888166,0.95
26,220,0.11976255923509598,0.959375
26,230,0.10995288481935858,0.959375
26,240,0.0953200040385127,0.9625
26,250,0.07462822068482637,0.978125
26,260,0.18816204518079757,0.95
26,270,0.1073375528678298,0.971875
26,280,0.11619980782270431,0.953125
26,290,0.14822342172265052,0.959375
26,300,0.08203969597816467,0.96875
27,10,0.07940694522112608,0.975
27,20,0.14469166761264204,0.946875
27,30,0.1463836409151554,0.940625
27,40,0.14480826929211615,0.94375
27,50,0.08391452096402645,0.971875
27,60,0.10958229023963213,0.959375
27,70,0.0936008334159851,0.96875
27,80,0.06343676373362542,0.984375
27,90,0.08484645402058959,0.96875
27,100,0.08834835402667522,0.971875
27,110,0.0695295984391123,0.978125
27,120,0.11687951013445855,0.946875
27,130,0.11059148516505957,0.953125
27,140,0.15836984552443029,0.946875
27,150,0.09807965941727162,0.96875
27,160,0.09220597632229328,0.959375
27,170,0.09773971773684025,0.96875
27,180,0.07883268482983112,0.975
27,190,0.09653182113543153,0.95625
27,200,0.1521685698069632,0.95625
27,210,0.1188195988535881,0.9625
27,220,0.1120286303339526,0.9625
27,230,0.21658201878890396,0.93125
27,240,0.10170688685029745,0.9625
27,250,0.11361055886372924,0.95625
27,260,0.14923128448426723,0.959375
27,270,0.1630876787006855,0.95
27,280,0.1804872952401638,0.940625
27,290,0.18928239159286023,0.921875
27,300,0.11895794197916984,0.9625
28,10,0.12080769464373589,0.959375
28,20,0.11819668915122747,0.959375
28,30,0.09863212266936898,0.9625
28,40,0.07540968991816044,0.975
28,50,0.12433263473212719,0.9625
28,60,0.09957465017214417,0.96875
28,70,0.09912865813821554,0.959375
28,80,0.08080213852226734,0.975
28,90,0.11715401427354663,0.9625
28,100,0.09977461397647858,0.9625
28,110,0.17177662160247564,0.94375
28,120,0.1405348464846611,0.953125
28,130,0.13655506055802108,0.953125
28,140,0.12443885058164597,0.953125
28,150,0.08174805752933026,0.978125
28,160,0.084113509953022,0.96875
28,170,0.12621343284845352,0.95625
28,180,0.15252056512981654,0.95
28,190,0.14749994613230227,0.959375
28,200,0.0829901980701834,0.975
28,210,0.11154376454651356,0.959375
28,220,0.10502031985670328,0.959375
28,230,0.1499904405325651,0.946875
28,240,0.1522379856556654,0.959375
28,250,0.1898716926574707,0.9375
28,260,0.09206756576895714,0.953125
28,270,0.11623996682465076,0.965625
28,280,0.13654205203056335,0.946875
28,290,0.11934211337938905,0.95
28,300,0.09098146464675665,0.965625
29,10,0.1300414189696312,0.953125
29,20,0.1095768604427576,0.95625
29,30,0.08151588048785925,0.971875
29,40,0.067398289591074,0.98125
29,50,0.10308440336957574,0.95625
29,60,0.08200185466557741,0.965625
29,70,0.09936930555850268,0.965625
29,80,0.13169256169348956,0.95625
29,90,0.11496918387711048,0.9625
29,100,0.12456448022276163,0.95625
29,110,0.13695965856313705,0.9625
29,120,0.16953124329447747,0.940625
29,130,0.131864719837904,0.95
29,140,0.12392727471888065,0.95625
29,150,0.1053443880751729,0.965625
29,160,0.10889310296624899,0.965625
29,170,0.1299336276948452,0.946875
29,180,0.14663069024682046,0.953125
29,190,0.12724512070417404,0.95
29,200,0.11900227405130863,0.940625
29,210,0.1104667192324996,0.971875
29,220,0.1357763886451721,0.946875
29,230,0.18413253575563432,0.94375
29,240,0.1260581336915493,0.953125
29,250,0.173741602152586,0.928125
29,260,0.11992067098617554,0.965625
29,270,0.07688686435576528,0.98125
29,280,0.1131211444735527,0.94375
29,290,0.08423872059211135,0.971875
29,300,0.09767423998564481,0.975
30,10,0.08107656929641963,0.971875
30,20,0.11673251278698445,0.965625
30,30,0.1051376286894083,0.971875
30,40,0.09608397055417299,0.96875
30,50,0.10783317629247904,0.959375
30,60,0.06755619887262583,0.978125
30,70,0.14273503962904216,0.953125
30,80,0.10406988384202123,0.9625
30,90,0.1196632832288742,0.953125
30,100,0.14924549050629138,0.95
30,110,0.08129330910742283,0.971875
30,120,0.09872130192816257,0.94375
30,130,0.13886078037321567,0.946875
30,140,0.16665091887116432,0.9375
30,150,0.08428522795438767,0.95625
30,160,0.10494197998195887,0.965625
30,170,0.14838816449046136,0.95
30,180,0.07099955193698407,0.978125
30,190,0.1112949725240469,0.95625
30,200,0.13829739913344383,0.95625
30,210,0.123654305934906,0.953125
30,220,0.13748733438551425,0.95
30,230,0.09947689455002547,0.971875
30,240,0.07406851537525654,0.978125
30,250,0.08714134320616722,0.965625
30,260,0.09697511307895183,0.9625
30,270,0.15164097994565964,0.9375
30,280,0.13330357521772385,0.95
30,290,0.09086672104895115,0.9625
30,300,0.1767373837530613,0.9375
31,10,0.1401079699397087,0.9375
31,20,0.14289527488872408,0.95625
31,30,0.08540613520890475,0.978125
31,40,0.17292907647788525,0.95
31,50,0.12766438331454993,0.946875
31,60,0.10196409560739994,0.96875
31,70,0.1614224102348089,0.94375
31,80,0.10632876679301262,0.959375
31,90,0.09761007279157638,0.971875
31,100,0.14684058129787445,0.940625
31,110,0.14284418099559842,0.946875
31,120,0.1497502200305462,0.95625
31,130,0.08331271689385175,0.978125
31,140,0.1142798081971705,0.965625
31,150,0.06221896447241306,0.984375
31,160,0.0774603970348835,0.978125
31,170,0.1090485917404294,0.95
31,180,0.11262955404818058,0.9625
31,190,0.11668564993888139,0.9625
31,200,0.116570233553648,0.95625
31,210,0.09199961703270673,0.978125
31,220,0.0892914473079145,0.959375
31,230,0.13623427441343666,0.95
31,240,0.11485906597226858,0.946875
31,250,0.13703414173796774,0.953125
31,260,0.14202479720115663,0.95
31,270,0.10172095326706768,0.96875
31,280,0.1431152280420065,0.946875
31,290,0.0994762221351266,0.975
31,300,0.13627960681915283,0.95625
32,10,0.08547622170299292,0.971875
32,20,0.14041520114988087,0.934375
32,30,0.08961348859593272,0.971875
32,40,0.08728982023894787,0.965625
32,50,0.12776768393814564,0.96875
32,60,0.09958542720414698,0.96875
32,70,0.13411267660558224,0.953125
32,80,0.12095501720905304,0.953125
32,90,0.13030895553529262,0.953125
32,100,0.10917245354503394,0.959375
32,110,0.08855469599366188,0.96875
32,120,0.05843245293945074,0.98125
32,130,0.11826150864362717,0.965625
32,140,0.10659588426351548,0.9625
32,150,0.09992291554808616,0.95625
32,160,0.12481753677129745,0.959375
32,170,0.07851611524820327,0.984375
32,180,0.060915596410632135,0.978125
32,190,0.09626361913979053,0.965625
32,200,0.13333646319806575,0.959375
32,210,0.07513674460351467,0.978125
32,220,0.12724751625210046,0.946875
32,230,0.07051687901839614,0.98125
32,240,0.12905464079231024,0.959375
32,250,0.12117525413632393,0.96875
32,260,0.11314934063702822,0.965625
32,270,0.12546683810651302,0.94375
32,280,0.10364681975916028,0.965625
32,290,0.15785270892083644,0.925
32,300,0.1479193452745676,0.934375
33,10,0.07595994733273984,0.965625
33,20,0.12652545776218177,0.95
33,30,0.11368784159421921,0.9625
33,40,0.10055123772472144,0.96875
33,50,0.10648697540163994,0.96875
33,60,0.09728717226535082,0.953125
33,70,0.11208331920206546,0.959375
33,80,0.1613592978566885,0.9625
33,90,0.14977997206151486,0.946875
33,100,0.13520098896697164,0.959375
33,110,0.12478583604097367,0.965625
33,120,0.09261114010587335,0.971875
33,130,0.14889329806901513,0.953125
33,140,0.08121285401284695,0.971875
33,150,0.15723768528550863,0.953125
33,160,0.11281726267188788,0.946875
33,170,0.07499851714819669,0.975
33,180,0.08121470930054783,0.971875
33,190,0.08647909509018063,0.975
33,200,0.08624211251735688,0.959375
33,210,0.07321783006191254,0.975
33,220,0.06833472745493055,0.978125
33,230,0.0880888843908906,0.98125
33,240,0.0730557270348072,0.96875
33,250,0.06685271039605141,0.98125
33,260,0.07809170633554459,0.975
33,270,0.08712742552161216,0.96875
33,280,0.11154254078865052,0.96875
33,290,0.06624613758176565,0.975
33,300,0.06824599010869861,0.984375
34,10,0.07729039802215994,0.971875
34,20,0.07910923981107772,0.965625
34,30,0.10645406432449818,0.959375
34,40,0.09114669552072882,0.965625
34,50,0.07321331491693854,0.984375
34,60,0.090913150832057,0.971875
34,70,0.05421333909034729,0.98125
34,80,0.07694013081490994,0.971875
34,90,0.08079843558371066,0.965625
34,100,0.11331470347940922,0.965625
34,110,0.1340242948383093,0.946875
34,120,0.06296413410454989,0.978125
34,130,0.08113118736073374,0.971875
34,140,0.060102060250937936,0.975
34,150,0.05103453672491014,0.98125
34,160,0.11136505343019962,0.9625
34,170,0.12284370064735413,0.953125
34,180,0.06670731091871858,0.978125
34,190,0.10097035681828856,0.971875
34,200,0.13867547884583473,0.95625
34,210,0.12683626725338398,0.959375
34,220,0.07118526867125183,0.971875
34,230,0.059172917157411575,0.984375
34,240,0.09450181601569056,0.9625
34,250,0.14993821326643228,0.953125
34,260,0.09328347193077206,0.95625
34,270,0.11035665161907673,0.9625
34,280,0.0988405130803585,0.975
34,290,0.11712545547634363,0.965625
34,300,0.11207403494045139,0.9625
35,10,0.08863638266921044,0.96875
35,20,0.1262107627466321,0.9625
35,30,0.09853674247860908,0.96875
35,40,0.08973418474197388,0.965625
35,50,0.08470546891912818,0.975
35,60,0.10611224845051766,0.9625
35,70,0.0885926297865808,0.971875
35,80,0.11324109551496804,0.95625
35,90,0.11425065705552698,0.95625
35,100,0.13883112445473672,0.95
35,110,0.0830324768088758,0.978125
35,120,0.11603733710944653,0.959375
35,130,0.11994926547631621,0.9625
35,140,0.11948227528482676,0.946875
35,150,0.0739191378466785,0.96875
35,160,0.08719879016280174,0.965625
35,170,0.09172501750290393,0.959375
35,180,0.0730920041911304,0.96875
35,190,0.08258120315149427,0.975
35,200,0.09336364697664976,0.959375
35,210,0.10388835333287716,0.965625
35,220,0.11569455899298191,0.971875
35,230,0.07414863966405391,0.971875
35,240,0.11544544473290444,0.95
35,250,0.11105228625237942,0.953125
35,260,0.12758071329444648,0.95
35,270,0.09524037595838308,0.965625
35,280,0.11792506743222475,0.9625
35,290,0.09348630774766206,0.965625
35,300,0.1760291252285242,0.934375
36,10,0.06967486515641212,0.98125
36,20,0.10306218732148409,0.959375
36,30,0.07630393877625466,0.98125
36,40,0.07897155564278364,0.98125
36,50,0.04669516787398607,0.984375
36,60,0.10973920524120331,0.95625
36,70,0.08200906533747912,0.96875
36,80,0.0868247414007783,0.965625
36,90,0.07572572734206914,0.965625
36,100,0.14943793825805188,0.94375
36,110,0.08387567922472954,0.978125
36,120,0.11349068693816662,0.953125
36,130,0.11389377880841493,0.965625
36,140,0.10652795583009719,0.95625
36,150,0.06015671142376959,0.98125
36,160,0.09223880376666785,0.9625
36,170,0.09426766745746136,0.953125
36,180,0.11056136367842555,0.959375
36,190,0.13578907828778028,0.959375
36,200,0.11456540636718274,0.95625
36,210,0.08747728713788092,0.96875
36,220,0.09037300338968635,0.9625
36,230,0.09099534256383776,0.965625
36,240,0.0895762000232935,0.965625
36,250,0.11206570812501013,0.95625
36,260,0.1276132487691939,0.95625
36,270,0.07389135202392935,0.978125
36,280,0.11359992511570453,0.96875
36,290,0.11214694306254387,0.971875
36,300,0.08069131262600422,0.984375
37,10,0.04738279150333256,0.98125
37,20,0.051041176449507474,0.984375
37,30,0.0677410411182791,0.971875
37,40,0.1077271131798625,0.965625
37,50,0.04972710143774748,0.984375
37,60,0.1136351895518601,0.95
37,70,0.09494926426559687,0.953125
37,80,0.06855599312111735,0.96875
37,90,0.1177330393344164,0.975
37,100,0.10753819160163403,0.95625
37,110,0.05887013934552669,0.98125
37,120,0.050118710938841106,0.990625
37,130,0.10684367036446929,0.959375
37,140,0.05940030049532652,0.9875
37,150,0.05388884273124859,0.984375
37,160,0.09415601417422295,0.965625
37,170,0.05636182585731149,0.978125
37,180,0.09566326220519841,0.959375
37,190,0.06781848641112447,0.975
37,200,0.07886049030348659,0.978125
37,210,0.05055903890170157,0.9875
37,220,0.08398950044065714,0.971875
37,230,0.09359348136931658,0.95625
37,240,0.09605824891477824,0.971875
37,250,0.08134739901870489,0.975
37,260,0.054192266147583726,0.98125
37,270,0.0951007624156773,0.971875
37,280,0.051468564104288815,0.978125
37,290,0.07493548817001283,0.971875
37,300,0.05661223996430635,0.9875
38,10,0.03995736794313416,0.978125
38,20,0.08653825893998146,0.96875
38,30,0.04604486837051809,0.98125
38,40,0.05025597424246371,0.984375
38,50,0.08474238971248269,0.971875
38,60,0.11789274867624044,0.9625
38,70,0.05495430529117584,0.978125
38,80,0.05937556619755924,0.975
38,90,0.06887986873043701,0.965625
38,100,0.06870642299763859,0.98125
38,110,0.04799485462717712,0.98125
38,120,0.0650293430313468,0.971875
38,130,0.14890913255512714,0.94375
38,140,0.04595489930361509,0.984375
38,150,0.0652105376124382,0.971875
38,160,0.056792494654655454,0.975
38,170,0.07348660179413855,0.971875
38,180,0.07409528568387032,0.965625
38,190,0.08861386589705944,0.96875
38,200,0.06450509028509259,0.971875
38,210,0.1378543612547219,0.959375
38,220,0.09879538305103779,0.9625
38,230,0.1043361771851778,0.96875
38,240,0.0871747249737382,0.96875
38,250,0.1611024284735322,0.9375
38,260,0.17812437359243632,0.940625
38,270,0.08210133239626885,0.971875
38,280,0.09484730884432793,0.96875
38,290,0.09373000916093588,0.971875
38,300,0.11607967624440789,0.965625
39,10,0.07553703924641013,0.9875
39,20,0.09965686751529575,0.965625
39,30,0.07537862835451961,0.98125
39,40,0.0621895482763648,0.971875
39,50,0.05873198695480823,0.978125
39,60,0.10411737570539117,0.9625
39,70,0.1568365205079317,0.9375
39,80,0.1203018557280302,0.9625
39,90,0.06979862409643829,0.978125
39,100,0.06055375060532242,0.98125
39,110,0.09186963634565473,0.9625
39,120,0.09331952445209027,0.96875
39,130,0.07049634363502263,0.96875
39,140,0.05299271084368229,0.9875
39,150,0.08372626239433885,0.965625
39,160,0.09974519480019808,0.971875
39,170,0.08326981598511338,0.965625
39,180,0.12386755160987377,0.953125
39,190,0.06217975448817015,0.984375
39,200,0.10342030934989452,0.965625
39,210,0.10820178287103772,0.959375
39,220,0.1190758210606873,0.953125
39,230,0.10327013097703457,0.959375
39,240,0.08545219246298075,0.96875
39,250,0.07607439225539565,0.96875
39,260,0.13592870440334082,0.959375
39,270,0.1553828850388527,0.953125
39,280,0.1234721876680851,0.959375
39,290,0.13676395285874604,0.959375
39,300,0.13284752499312164,0.959375
40,10,0.08914456628262997,0.971875
40,20,0.08339770380407571,0.978125
40,30,0.1213097807019949,0.95625
40,40,0.07214447534643113,0.978125
40,50,0.06596171138808131,0.978125
40,60,0.08746657797601073,0.971875
40,70,0.03391730822622776,0.99375
40,80,0.12329871146939694,0.965625
40,90,0.10537310056388378,0.9625
40,100,0.10155432038009167,0.9625
40,110,0.06833363575860858,0.975
40,120,0.08829359989613295,0.98125
40,130,0.07837929110974073,0.975
40,140,0.08049335218966007,0.965625
40,150,0.09965438582003117,0.965625
40,160,0.1035588912665844,0.971875
40,170,0.048637882340699434,0.984375
40,180,0.1218145509250462,0.971875
40,190,0.0727247909642756,0.978125
40,200,0.0888645589351654,0.975
40,210,0.08927100291475654,0.965625
40,220,0.11515971142798662,0.953125
40,230,0.13313053026795388,0.95625
40,240,0.09225155673921108,0.965625
40,250,0.06059811906889081,0.984375
40,260,0.06512417271733284,0.98125
40,270,0.12165366495028138,0.95625
40,280,0.15063095688819886,0.95625
40,290,0.09794363379478455,0.9625
40,300,0.09892345797270537,0.975
41,10,0.0614731291308999,0.971875
41,20,0.06689372770488262,0.978125
41,30,0.07638794812373817,0.975
41,40,0.055823886301368475,0.98125
41,50,0.05316577306948602,0.978125
41,60,0.04043585872277618,0.9875
41,70,0.04427917883731425,0.984375
41,80,0.07066723853349685,0.971875
41,90,0.03233121195808053,0.9875
41,100,0.05698454873636365,0.978125
41,110,0.024283720087260006,0.990625
41,120,0.04542173405643553,0.990625
41,130,0.0874835337512195,0.95625
41,140,0.05854760929942131,0.9875
41,150,0.0726221582852304,0.96875
41,160,0.08149133695405908,0.975
41,170,0.09117728252895177,0.95625
41,180,0.07462413413450122,0.98125
41,190,0.07638433640822768,0.975
41,200,0.06670022141188384,0.971875
41,210,0.05301429061219096,0.96875
41,220,0.0641376833897084,0.98125
41,230,0.11284806253388524,0.965625
41,240,0.09928560927510262,0.965625
41,250,0.14895742530934514,0.965625
41,260,0.12501500686630607,0.9625
41,270,0.08252925705164671,0.975
41,280,0.07037287633866071,0.975
41,290,0.12317351438105106,0.95
41,300,0.10605195260141045,0.959375
42,10,0.04668350098654628,0.990625
42,20,0.08362222304567694,0.96875
42,30,0.09521139739081264,0.9625
42,40,0.07600981169380247,0.971875
42,50,0.052675687428563836,0.975
42,60,0.05889792256057262,0.975
42,70,0.09927722457796335,0.9625
42,80,0.058355800341814756,0.984375
42,90,0.10520634558051825,0.96875
42,100,0.041079522017389535,0.9875
42,110,0.0608648918569088,0.975
42,120,0.0671138527803123,0.975
42,130,0.06791754346340895,0.975
42,140,0.08984842905774712,0.965625
42,150,0.10030389009043575,0.965625
42,160,0.03012328629847616,0.990625
42,170,0.06812956687062979,0.978125
42,180,0.05389919029548764,0.98125
42,190,0.05106434226036072,0.98125
42,200,0.09289950989186764,0.975
42,210,0.04865218945778906,0.978125
42,220,0.08330982336774469,0.971875
42,230,0.05854288013651967,0.978125
42,240,0.09331019455567002,0.975
42,250,0.03498003357090056,0.9875
42,260,0.0382964116986841,0.9875
42,270,0.0925528381485492,0.975
42,280,0.06750614047050477,0.978125
42,290,0.08713884274475277,0.96875
42,300,0.08739949185401201,0.971875
43,10,0.043167003081180155,0.9875
43,20,0.04437585501000285,0.9875
43,30,0.10333269112743437,0.975
43,40,0.11521881544031203,0.96875
43,50,0.08729032021947206,0.96875
43,60,0.11077842228114605,0.965625
43,70,0.08570669982582331,0.96875
43,80,0.07592689786106348,0.98125
43,90,0.07899505654349923,0.965625
43,100,0.08906751461327075,0.9625
43,110,0.1094447361305356,0.96875
43,120,0.11033398564904928,0.95625
43,130,0.09380527734756469,0.9625
43,140,0.11001469972543418,0.9625
43,150,0.10552092008292675,0.965625
43,160,0.07483179732225835,0.978125
43,170,0.11868288712576032,0.95
43,180,0.0710504975169897,0.971875
43,190,0.07041353825479746,0.971875
43,200,0.08506133574992418,0.95625
43,210,0.11756311250501313,0.95
43,220,0.07905734963715076,0.971875
43,230,0.061202145833522084,0.975
43,240,0.08962944312952459,0.971875
43,250,0.10979162231087684,0.953125
43,260,0.07335740756243467,0.98125
43,270,0.10707167331129312,0.959375
43,280,0.08011530509684235,0.978125
43,290,0.09154130294919013,0.959375
43,300,0.10349510703235865,0.971875
44,10,0.07321493290364742,0.975
44,20,0.09798718541860581,0.9625
44,30,0.0853870701044798,0.96875
44,40,0.04870227547362447,0.98125
44,50,0.08566708788275719,0.971875
44,60,0.0853037653490901,0.971875
44,70,0.08054999336600303,0.96875
44,80,0.05155606837943196,0.98125
44,90,0.0642560769803822,0.975
44,100,0.06310281155165284,0.971875
44,110,0.09343781275674701,0.965625
44,120,0.08824130157008767,0.975
44,130,0.06246152445673943,0.98125
44,140,0.07241382924839854,0.978125
44,150,0.10155553603544831,0.971875
44,160,0.06318472400307655,0.975
44,170,0.06230254611000419,0.98125
44,180,0.061785804200917484,0.975
44,190,0.051443568989634515,0.975
44,200,0.03973596058785915,0.9875
44,210,0.05608369829133153,0.984375
44,220,0.05382760055363178,0.984375
44,230,0.08081316081807018,0.96875
44,240,0.08998630195856094,0.96875
44,250,0.07582454171497374,0.971875
44,260,0.08150330984499306,0.965625
44,270,0.07719753086566924,0.975
44,280,0.07734340392053127,0.975
44,290,0.028781883232295514,0.99375
44,300,0.06002875128760934,0.978125
45,10,0.030830304231494667,0.99375
45,20,0.07523539918474853,0.975
45,30,0.055888698081253095,0.984375
45,40,0.06958375908434392,0.98125
45,50,0.11096712234430015,0.96875
45,60,0.05768800564110279,0.978125
45,70,0.07689627297222615,0.96875
45,80,0.0543985360302031,0.984375
45,90,0.08101653195917606,0.9625
45,100,0.06478248261846602,0.978125
45,110,0.09885336891748012,0.978125
45,120,0.07037840061821043,0.975
45,130,0.08104588026180863,0.96875
45,140,0.06949547193944454,0.98125
45,150,0.0601898517459631,0.978125
45,160,0.10387103785760701,0.9625
45,170,0.045737223513424394,0.98125
45,180,0.06678636474534869,0.98125
45,190,0.09178273449651897,0.98125
45,200,0.08282797886058688,0.9625
45,210,0.06783645767718553,0.971875
45,220,0.06634415704756975,0.98125
45,230,0.050953120458871126,0.978125
45,240,0.08720118887722492,0.975
45,250,0.10236707469448447,0.971875
45,260,0.14113149605691433,0.953125
45,270,0.08182395724579691,0.96875
45,280,0.05270822774618864,0.975
45,290,0.08127255155704916,0.98125
45,300,0.09055085894651711,0.965625
46,10,0.06204573237337172,0.9875
46,20,0.07036589372437448,0.975
46,30,0.07526928994338959,0.971875
46,40,0.037502971524372694,0.98125
46,50,0.07198384432122111,0.971875
46,60,0.04471110012382269,0.98125
46,70,0.09756410324480384,0.971875
46,80,0.040604422148317096,0.996875
46,90,0.048735536762978884,0.98125
46,100,0.04356838180683553,0.978125
46,110,0.05649937782436609,0.9875
46,120,0.10609988863579929,0.953125
46,130,0.053225784469395875,0.984375
46,140,0.03886034805327654,0.98125
46,150,0.05105807518120855,0.98125
46,160,0.03554285170976072,0.990625
46,170,0.06468717185780407,0.975
46,180,0.06082872459664941,0.978125
46,190,0.08315247371792793,0.971875
46,200,0.06878159344196319,0.978125
46,210,0.05645421463996172,0.978125
46,220,0.10285434471443296,0.96875
46,230,0.08874252205714583,0.95625
46,240,0.06889975597150624,0.971875
46,250,0.05957874655723572,0.975
46,260,0.056983535084873436,0.98125
46,270,0.11437393575906754,0.9625
46,280,0.1339207489043474,0.95625
46,290,0.10119995772838593,0.953125
46,300,0.12163263838738203,0.959375
47,10,0.08353379555046558,0.96875
47,20,0.1182427412364632,0.965625
47,30,0.045314803579822184,0.9875
47,40,0.06768770441412926,0.975
47,50,0.07437196210958064,0.96875
47,60,0.08387763076461852,0.965625
47,70,0.07174462778493762,0.98125
47,80,0.059017200767993924,0.978125
47,90,0.04859044849872589,0.984375
47,100,0.07030526157468557,0.971875
47,110,0.10744001185521483,0.9625
47,120,0.06883776728063822,0.975
47,130,0.1024329159874469,0.96875
47,140,0.06245405096560717,0.978125
47,150,0.031502438988536594,0.99375
47,160,0.06672300812788308,0.978125
47,170,0.09257238712161779,0.96875
47,180,0.07478228434920312,0.9625
47,190,0.06266677360981703,0.975
47,200,0.06867556774523109,0.98125
47,210,0.08669309355318547,0.9625
47,220,0.06810368853621185,0.978125
47,230,0.08768525915220379,0.975
47,240,0.07879819292575121,0.971875
47,250,0.09269022829830646,0.9625
47,260,0.08701580298366025,0.975
47,270,0.06685568084940315,0.96875
47,280,0.06229995815083385,0.978125
47,290,0.09976905691437424,0.975
47,300,0.056315085757523774,0.971875
48,10,0.06730629056692124,0.975
48,20,0.017643301468342542,1.0
48,30,0.056342854909598825,0.975
48,40,0.07736888714134693,0.978125
48,50,0.03783154918346554,0.9875
48,60,0.03585540782660246,0.9875
48,70,0.03528905957937241,0.99375
48,80,0.059803716093301776,0.98125
48,90,0.06596402190625668,0.975
48,100,0.05396675299853086,0.98125
48,110,0.03495938218547963,0.984375
48,120,0.02637822413817048,0.99375
48,130,0.03332208205247298,0.99375
48,140,0.06269696918316185,0.98125
48,150,0.03677235241048038,0.9875
48,160,0.05875347461551428,0.984375
48,170,0.06266007949598133,0.98125
48,180,0.057178132608532904,0.978125
48,190,0.06033846442587674,0.98125
48,200,0.05613969536498189,0.984375
48,210,0.05718410533154383,0.978125
48,220,0.07868388891220093,0.98125
48,230,0.06057651652954519,0.978125
48,240,0.08138520820066333,0.96875
48,250,0.13291648719459773,0.975
48,260,0.06528163771145046,0.978125
48,270,0.06680551785975694,0.975
48,280,0.08849135339260102,0.965625
48,290,0.05600344932172448,0.978125
48,300,0.09535572351887822,0.9625
49,10,0.029746599879581483,0.984375
49,20,0.03552001509815454,0.990625
49,30,0.06179206818342209,0.984375
49,40,0.06595271257683635,0.978125
49,50,0.040562245366163555,0.9875
49,60,0.0808240793645382,0.96875
49,70,0.0738229258917272,0.971875
49,80,0.0678985449951142,0.978125
49,90,0.07566349824192002,0.971875
49,100,0.1352514629252255,0.9625
49,110,0.054326333850622174,0.98125
49,120,0.08528150697238743,0.975
49,130,0.08362545929849148,0.96875
49,140,0.051790281757712366,0.98125
49,150,0.11256383499130607,0.9625
49,160,0.03446889133192599,0.984375
49,170,0.06307039456441998,0.9875
49,180,0.09519299883395434,0.959375
49,190,0.08199250372126698,0.96875
49,200,0.04267411064356565,0.984375
49,210,0.10658653452992439,0.965625
49,220,0.09408569317311048,0.96875
49,230,0.10003692544996738,0.95625
49,240,0.10403161086142063,0.9625
49,250,0.08540268111974,0.971875
49,260,0.10420112134888768,0.96875
49,270,0.07559317154809833,0.975
49,280,0.08656388940289617,0.978125
49,290,0.06738059902563691,0.9625
49,300,0.05185400515329093,0.98125
