0,10,3.3672407627105714,0.159375
0,20,2.901288890838623,0.275
0,30,2.7063608407974242,0.321875
0,40,2.5610528707504274,0.35625
0,50,2.6752848625183105,0.353125
0,60,2.4898747205734253,0.365625
0,70,2.40549373626709,0.36875
0,80,2.26049519777298,0.39375
0,90,2.3629551410675047,0.35
0,100,2.0786430835723877,0.465625
0,110,1.9792158007621765,0.471875
0,120,1.8985050201416016,0.465625
0,130,1.8449057340621948,0.490625
0,140,1.8594287395477296,0.5125
0,150,1.7552733778953553,0.534375
0,160,1.784309697151184,0.50625
0,170,1.6200156927108764,0.55
0,180,1.6851107001304626,0.534375
0,190,1.6369797587394714,0.56875
0,200,1.5725689291954041,0.571875
0,210,1.6960793614387513,0.515625
0,220,1.4489854574203491,0.59375
0,230,1.5273298144340515,0.571875
0,240,1.5660287976264953,0.559375
0,250,1.442832922935486,0.596875
0,260,1.4537117600440979,0.571875
0,270,1.5732826471328736,0.575
0,280,1.3436962366104126,0.625
0,290,1.3745062828063965,0.625
0,300,1.216459733247757,0.625
1,10,1.2193097352981568,0.65625
1,20,1.3053835153579711,0.625
1,30,1.3144646167755127,0.628125
1,40,1.1364397883415223,0.68125
1,50,1.2977876722812653,0.58125
1,60,1.1636770963668823,0.696875
1,70,1.111905324459076,0.68125
1,80,1.2353492617607116,0.646875
1,90,1.1658435702323913,0.678125
1,100,1.0536538660526276,0.684375
1,110,1.192326009273529,0.665625
1,120,1.0492619812488555,0.709375
1,130,1.0606757342815398,0.70625
1,140,1.0728943467140197,0.690625
1,150,1.036770272254944,0.69375
1,160,1.0489557385444641,0.690625
1,170,1.1380514919757843,0.634375
1,180,0.9794355869293213,0.746875
1,190,0.9614049553871155,0.721875
1,200,1.027887898683548,0.6875
1,210,0.9411675274372101,0.7375
1,220,0.9826518476009369,0.703125
1,230,1.0646408259868623,0.696875
1,240,1.163785982131958,0.68125
1,250,0.9140403985977172,0.71875
1,260,0.9307382881641388,0.73125
1,270,1.0669308006763458,0.68125
1,280,0.9237659096717834,0.734375
1,290,1.1613436937332153,0.66875
1,300,1.0120187640190124,0.7
2,10,0.7527932286262512,0.784375
2,20,0.9415145874023437,0.746875
2,30,0.9538462460041046,0.71875
2,40,0.9766996562480926,0.7
2,50,0.9929023921489716,0.671875
2,60,0.8550834655761719,0.7375
2,70,0.8418966710567475,0.775
2,80,0.7897322416305542,0.7625
2,90,0.814233249425888,0.7875
2,100,0.8403498530387878,0.78125
2,110,0.7905974745750427,0.75
2,120,0.934469336271286,0.734375
2,130,0.8054106295108795,0.7625
2,140,0.728558748960495,0.7875
2,150,0.9025377333164215,0.734375
2,160,0.8046582341194153,0.753125
2,170,0.7122433543205261,0.803125
2,180,0.7200137406587601,0.8
2,190,0.9152072548866272,0.709375
2,200,0.8390215098857879,0.746875
2,210,0.8768737733364105,0.715625
2,220,0.7466935873031616,0.784375
2,230,0.9055529356002807,0.746875
2,240,0.7840198099613189,0.74375
2,250,0.832386514544487,0.753125
2,260,0.775243267416954,0.796875
2,270,0.8303251802921295,0.75
2,280,0.7301775515079498,0.778125
2,290,0.697054123878479,0.7875
2,300,0.788988533616066,0.778125
3,10,0.724277013540268,0.765625
3,20,0.7340000599622727,0.759375
3,30,0.639473831653595,0.803125
3,40,0.6205163627862931,0.80625
3,50,0.7028595596551895,0.796875
3,60,0.6755000054836273,0.80625
3,70,0.8178172975778579,0.75
3,80,0.5749981582164765,0.828125
3,90,0.7034449398517608,0.78125
3,100,0.6715461760759354,0.81875
3,110,0.6570961773395538,0.80625
3,120,0.6750919610261917,0.759375
3,130,0.7479758739471436,0.778125
3,140,0.7303981244564056,0.78125
3,150,0.6393622875213623,0.7875
3,160,0.757513964176178,0.778125
3,170,0.6298626661300659,0.8
3,180,0.6844038844108582,0.7875
3,190,0.6872282296419143,0.8
3,200,0.7040754675865173,0.809375
3,210,0.6562881425023079,0.790625
3,220,0.6863680571317673,0.76875
3,230,0.6633712917566299,0.8
3,240,0.6340833514928818,0.7875
3,250,0.6172282278537751,0.80625
3,260,0.7083232492208481,0.784375
3,270,0.7016969442367553,0.809375
3,280,0.6373384714126586,0.8
3,290,0.7169283956289292,0.78125
3,300,0.6007038801908493,0.815625
4,10,0.5194409608840942,0.821875
4,20,0.5731503516435623,0.825
4,30,0.510224562138319,0.828125
4,40,0.5521534413099289,0.80625
4,50,0.5831335246562958,0.8
4,60,0.7039612054824829,0.775
4,70,0.5526259064674377,0.821875
4,80,0.5739669859409332,0.8125
4,90,0.5610157519578933,0.834375
4,100,0.5358348906040191,0.834375
4,110,0.6013257831335068,0.83125
4,120,0.6162730991840363,0.80625
4,130,0.6285401016473771,0.8125
4,140,0.5449074149131775,0.834375
4,150,0.4799670249223709,0.871875
4,160,0.5795790731906891,0.815625
4,170,0.6592915475368499,0.83125
4,180,0.663842824101448,0.78125
4,190,0.5984015673398971,0.8125
4,200,0.5904232352972031,0.815625
4,210,0.5622485458850861,0.846875
4,220,0.6886223316192627,0.796875
4,230,0.5742945402860642,0.79375
4,240,0.5647099286317825,0.821875
4,250,0.5321798473596573,0.834375
4,260,0.5640292018651962,0.825
4,270,0.6814909696578979,0.80625
4,280,0.6887922883033752,0.778125
4,290,0.570899498462677,0.828125
4,300,0.6196329474449158,0.803125
5,10,0.5605429649353028,0.803125
5,20,0.5197344869375229,0.825
5,30,0.43235110193490983,0.846875
5,40,0.5355330616235733,0.85
5,50,0.48325035572052,0.859375
5,60,0.5293900072574615,0.8375
5,70,0.5253532379865646,0.85625
5,80,0.46875125020742414,0.846875
5,90,0.5488412886857986,0.8
5,100,0.5221867233514785,0.859375
5,110,0.524319626390934,0.83125
5,120,0.5022407650947571,0.821875
5,130,0.4438671559095383,0.871875
5,140,0.4763041540980339,0.86875
5,150,0.5888897210359574,0.83125
5,160,0.587052795290947,0.8125
5,170,0.6218047767877579,0.81875
5,180,0.46199941635131836,0.865625
5,190,0.5097731530666352,0.828125
5,200,0.6155474841594696,0.796875
5,210,0.6137672662734985,0.8
5,220,0.4880902573466301,0.85625
5,230,0.49942125380039215,0.840625
5,240,0.5201497480273247,0.821875
5,250,0.6753607988357544,0.809375
5,260,0.4879031479358673,0.85625
5,270,0.5784139931201935,0.83125
5,280,0.37546481639146806,0.878125
5,290,0.553204807639122,0.84375
5,300,0.5149581342935562,0.853125
6,10,0.5067355364561081,0.853125
6,20,0.45923946499824525,0.859375
6,30,0.5563590347766876,0.796875
6,40,0.5055926725268364,0.840625
6,50,0.46272379755973814,0.85
6,60,0.4884096160531044,0.8625
6,70,0.47622625082731246,0.8375
6,80,0.4480280429124832,0.8625
6,90,0.4844103008508682,0.85
6,100,0.4875448003411293,0.85
6,110,0.6792966425418854,0.7875
6,120,0.5690370351076126,0.80625
6,130,0.449854177236557,0.859375
6,140,0.4828311115503311,0.83125
6,150,0.45310774743556975,0.859375
6,160,0.4155284494161606,0.85625
6,170,0.4486057311296463,0.85
6,180,0.5894268214702606,0.834375
6,190,0.49496738612651825,0.846875
6,200,0.4312688857316971,0.853125
6,210,0.5025862872600555,0.8375
6,220,0.5264950931072235,0.825
6,230,0.40670364946126936,0.846875
6,240,0.4135937109589577,0.871875
6,250,0.4296349257230759,0.865625
6,260,0.5038234412670135,0.8625
6,270,0.47168204486370086,0.85
6,280,0.5562507063150406,0.840625
6,290,0.5711843311786652,0.834375
6,300,0.6598549962043763,0.784375
7,10,0.42652702033519746,0.865625
7,20,0.48312325924634936,0.83125
7,30,0.5460833430290222,0.83125
7,40,0.40739805847406385,0.871875
7,50,0.428148889541626,0.8625
7,60,0.417280937731266,0.86875
7,70,0.380379456281662,0.88125
7,80,0.43147420734167097,0.85
7,90,0.3868534818291664,0.875
7,100,0.38666066005825994,0.8625
7,110,0.42099405378103255,0.84375
7,120,0.41794822067022325,0.878125
7,130,0.3861136347055435,0.884375
7,140,0.4037495478987694,0.875
7,150,0.5289187252521514,0.825
7,160,0.41642297655344007,0.865625
7,170,0.39098954051733015,0.875
7,180,0.3887201726436615,0.884375
7,190,0.48418674767017367,0.853125
7,200,0.4016440764069557,0.859375
7,210,0.4557710185647011,0.85625
7,220,0.39788851588964463,0.871875
7,230,0.5083362638950348,0.834375
7,240,0.5031127721071244,0.846875
7,250,0.4716352880001068,0.84375
7,260,0.42182579189538955,0.871875
7,270,0.47782319486141206,0.828125
7,280,0.49254961758852006,0.8375
7,290,0.5022000268101692,0.834375
7,300,0.5288252294063568,0.834375
8,10,0.36400774866342545,0.871875
8,20,0.4701481372117996,0.846875
8,30,0.5341550260782242,0.825
8,40,0.3326727509498596,0.896875
8,50,0.3223730452358723,0.8875
8,60,0.40282583236694336,0.8875
8,70,0.40240857750177383,0.884375
8,80,0.3134603388607502,0.915625
8,90,0.3975524440407753,0.884375
8,100,0.34839061200618743,0.8875
8,110,0.45202055275440217,0.85625
8,120,0.43628606498241423,0.859375
8,130,0.37971153259277346,0.865625
8,140,0.32889962792396543,0.88125
8,150,0.389621901512146,0.86875
8,160,0.49391997531056403,0.828125
8,170,0.4221903830766678,0.86875
8,180,0.436252623796463,0.8625
8,190,0.49542376101017,0.840625
8,200,0.3326091684401035,0.884375
8,210,0.4451416373252869,0.859375
8,220,0.47885997891426085,0.85625
8,230,0.38851053416728976,0.871875
8,240,0.41569663882255553,0.86875
8,250,0.4236780121922493,0.875
8,260,0.4235554724931717,0.8625
8,270,0.43472683876752855,0.84375
8,280,0.3960125893354416,0.86875
8,290,0.42300727814435957,0.859375
8,300,0.44000946134328844,0.86875
9,10,0.36565601974725725,0.9125
9,20,0.3805467277765274,0.871875
9,30,0.3460462212562561,0.89375
9,40,0.3828186720609665,0.85625
9,50,0.28739264607429504,0.884375
9,60,0.38216260969638827,0.8625
9,70,0.3544874005019665,0.875
9,80,0.3444269418716431,0.88125
9,90,0.4207270622253418,0.86875
9,100,0.395198917388916,0.8875
9,110,0.3263978086411953,0.89375
9,120,0.338667095080018,0.89375
9,130,0.4868194252252579,0.834375
9,140,0.4008897691965103,0.871875
9,150,0.44187527894973755,0.86875
9,160,0.3523151233792305,0.88125
9,170,0.32897509187459945,0.8875
9,180,0.4188248321413994,0.86875
9,190,0.3330313816666603,0.903125
9,200,0.3616746224462986,0.890625
9,210,0.4208307906985283,0.875
9,220,0.5112719833850861,0.85625
9,230,0.5192160099744797,0.825
9,240,0.40448989123106005,0.871875
9,250,0.5182821124792099,0.840625
9,260,0.4784810543060303,0.85
9,270,0.42608171701431274,0.846875
9,280,0.4767419084906578,0.846875
9,290,0.4875627368688583,0.846875
9,300,0.4031334236264229,0.86875
10,10,0.38209770917892455,0.8625
10,20,0.4193874210119247,0.859375
10,30,0.33111387938261033,0.915625
10,40,0.37394742071628573,0.88125
10,50,0.28394768536090853,0.909375
10,60,0.44019348472356795,0.846875
10,70,0.5248466789722442,0.825
10,80,0.3285674139857292,0.884375
10,90,0.38488381505012514,0.871875
10,100,0.321612124145031,0.909375
10,110,0.31696090921759607,0.89375
10,120,0.33641154021024705,0.871875
10,130,0.3137687310576439,0.90625
10,140,0.4174598380923271,0.8625
10,150,0.4202024906873703,0.875
10,160,0.3837612748146057,0.88125
10,170,0.46160978823900223,0.8375
10,180,0.36900758892297747,0.8625
10,190,0.36566621363162993,0.878125
10,200,0.3725630879402161,0.8625
10,210,0.3307830721139908,0.90625
10,220,0.38295833617448805,0.8875
10,230,0.4467759013175964,0.85625
10,240,0.3601352035999298,0.871875
10,250,0.2621441543102264,0.915625
10,260,0.32386345863342286,0.878125
10,270,0.3118143998086452,0.896875
10,280,0.3883803516626358,0.871875
10,290,0.3740551695227623,0.871875
10,300,0.3442010089755058,0.89375
11,10,0.26519787311553955,0.928125
11,20,0.37386417388916016,0.85625
11,30,0.35044625848531724,0.86875
11,40,0.3450142666697502,0.884375
11,50,0.3302343964576721,0.8875
11,60,0.29622615724802015,0.915625
11,70,0.33625387102365495,0.88125
11,80,0.33454212844371795,0.8875
11,90,0.3898321345448494,0.875
11,100,0.3437451049685478,0.8875
11,110,0.24486126825213433,0.91875
11,120,0.3554083898663521,0.884375
11,130,0.40373806059360506,0.88125
11,140,0.3943123698234558,0.878125
11,150,0.32999775409698484,0.903125
11,160,0.43964333087205887,0.8625
11,170,0.35042992457747457,0.884375
11,180,0.28059742599725723,0.91875
11,190,0.4018536046147346,0.859375
11,200,0.3990343526005745,0.88125
11,210,0.3942301332950592,0.875
11,220,0.36874774694442747,0.871875
11,230,0.3873695582151413,0.878125
11,240,0.37815154790878297,0.884375
11,250,0.3289343945682049,0.903125
11,260,0.40250618308782576,0.859375
11,270,0.3733541086316109,0.884375
11,280,0.2933086708188057,0.91875
11,290,0.37644741833209994,0.8625
11,300,0.35206856578588486,0.90625
12,10,0.3775985449552536,0.9
12,20,0.29889754205942154,0.878125
12,30,0.3048808790743351,0.903125
12,40,0.2971399690955877,0.903125
12,50,0.2888330392539501,0.896875
12,60,0.31567228063941,0.915625
12,70,0.23496500179171562,0.925
12,80,0.38262119591236116,0.871875
12,90,0.29758898466825484,0.9
12,100,0.3710725963115692,0.878125
12,110,0.3631647899746895,0.89375
12,120,0.3216782882809639,0.88125
12,130,0.35438465923070905,0.884375
12,140,0.28582440242171286,0.89375
12,150,0.31453917324543,0.890625
12,160,0.29973224401473997,0.903125
12,170,0.3566073477268219,0.871875
12,180,0.3631294652819633,0.878125
12,190,0.32015720307826995,0.909375
12,200,0.2591062247753143,0.9125
12,210,0.37046357691287995,0.875
12,220,0.40916396528482435,0.88125
12,230,0.31813705861568453,0.903125
12,240,0.3154357045888901,0.8875
12,250,0.27355859875679017,0.909375
12,260,0.3048769310116768,0.90625
12,270,0.3250875547528267,0.878125
12,280,0.34999027475714684,0.8625
12,290,0.29140605032444,0.9
12,300,0.27384564876556394,0.9125
13,10,0.34451633915305135,0.89375
13,20,0.2545617073774338,0.9125
13,30,0.36518558859825134,0.8875
13,40,0.36418076455593107,0.871875
13,50,0.34215597808361053,0.88125
13,60,0.27972763031721115,0.89375
13,70,0.28316023796796796,0.90625
13,80,0.3574098631739616,0.884375
13,90,0.3094725742936134,0.9
13,100,0.3625815033912659,0.875
13,110,0.3182729139924049,0.896875
13,120,0.36372956931591033,0.878125
13,130,0.3372074544429779,0.8875
13,140,0.27568391114473345,0.9
13,150,0.3350085899233818,0.9
13,160,0.2878806933760643,0.9125
13,170,0.29091971293091773,0.903125
13,180,0.27489849030971525,0.896875
13,190,0.33501623570919037,0.8875
13,200,0.33147504180669785,0.8875
13,210,0.39066825807094574,0.878125
13,220,0.3523197367787361,0.88125
13,230,0.25528560802340505,0.925
13,240,0.25085042268037794,0.91875
13,250,0.3459197163581848,0.89375
13,260,0.29654810279607774,0.8875
13,270,0.23513935953378678,0.921875
13,280,0.2593918114900589,0.9125
13,290,0.3402789071202278,0.8875
13,300,0.30368816405534743,0.9
14,10,0.3833686888217926,0.86875
14,20,0.25144557394087313,0.921875
14,30,0.24606260955333709,0.915625
14,40,0.2582050867378712,0.921875
14,50,0.26357136219739913,0.909375
14,60,0.28156177029013635,0.903125
14,70,0.3651632025837898,0.88125
14,80,0.3229145616292953,0.871875
14,90,0.35129780769348146,0.86875
14,100,0.30188684463500975,0.89375
14,110,0.3287886828184128,0.903125
14,120,0.297124582529068,0.896875
14,130,0.35278201177716256,0.90625
14,140,0.3555714190006256,0.8875
14,150,0.3238150529563427,0.88125
14,160,0.4638811767101288,0.853125
14,170,0.2663743108510971,0.91875
14,180,0.24776449128985406,0.890625
14,190,0.3185286894440651,0.909375
14,200,0.24471512362360953,0.921875
14,210,0.32726359367370605,0.89375
14,220,0.3365887016057968,0.896875
14,230,0.29048057943582534,0.909375
14,240,0.320946204662323,0.871875
14,250,0.3177322134375572,0.9
14,260,0.29298459067940713,0.909375
14,270,0.31501955166459084,0.884375
14,280,0.2864195048809052,0.915625
14,290,0.35140625163912775,0.896875
14,300,0.36203624680638313,0.875
15,10,0.3497945830225945,0.903125
15,20,0.2205611750483513,0.90625
15,30,0.2972147524356842,0.90625
15,40,0.257585708796978,0.915625
15,50,0.25060002878308296,0.909375
15,60,0.36458471566438677,0.890625
15,70,0.309421543776989,0.896875
15,80,0.37741664946079256,0.85625
15,90,0.32368444800376894,0.88125
15,100,0.2863341212272644,0.903125
15,110,0.2844256080687046,0.903125
15,120,0.22392613887786866,0.9125
15,130,0.2491591140627861,0.909375
15,140,0.30712581127882005,0.890625
15,150,0.3415549859404564,0.875
15,160,0.25146527886390685,0.91875
15,170,0.26921156942844393,0.903125
15,180,0.23056911639869213,0.915625
15,190,0.3619552433490753,0.8875
15,200,0.2868902817368507,0.90625
15,210,0.30336157977581024,0.9125
15,220,0.20798337385058402,0.9375
15,230,0.29251200556755064,0.896875
15,240,0.29316667169332505,0.909375
15,250,0.3069968394935131,0.9
15,260,0.25003828927874566,0.91875
15,270,0.2987252317368984,0.9125
15,280,0.26558702141046525,0.909375
15,290,0.2775504320859909,0.89375
15,300,0.28865388929843905,0.878125
16,10,0.23572975844144822,0.909375
16,20,0.23369574062526227,0.91875
16,30,0.26005780398845674,0.909375
16,40,0.25868131071329115,0.909375
16,50,0.2131398543715477,0.925
16,60,0.2822690330445766,0.8875
16,70,0.23115216605365277,0.90625
16,80,0.30800871104002,0.890625
16,90,0.29656673669815065,0.89375
16,100,0.2672380246222019,0.903125
16,110,0.3025742419064045,0.884375
16,120,0.2970165848731995,0.903125
16,130,0.301131671667099,0.909375
16,140,0.327065197378397,0.89375
16,150,0.30728490725159646,0.884375
16,160,0.24607493951916695,0.91875
16,170,0.2270115129649639,0.921875
16,180,0.26149869710206985,0.928125
16,190,0.29311283826828005,0.909375
16,200,0.28820946961641314,0.9
16,210,0.2721281349658966,0.896875
16,220,0.24901189804077148,0.934375
16,230,0.29066445380449296,0.890625
16,240,0.3070516467094421,0.9
16,250,0.3798437431454659,0.8625
16,260,0.29067055508494377,0.89375
16,270,0.26796619072556493,0.903125
16,280,0.25716948285698893,0.9125
16,290,0.35040869638323785,0.90625
16,300,0.27128461599349973,0.903125
17,10,0.20412659719586373,0.925
17,20,0.2524131268262863,0.909375
17,30,0.22175280153751373,0.915625
17,40,0.2283720090985298,0.9125
17,50,0.26468418091535567,0.903125
17,60,0.23693903684616088,0.925
17,70,0.2979262873530388,0.90625
17,80,0.24783694222569466,0.9
17,90,0.2942483689635992,0.896875
17,100,0.2806684009730816,0.903125
17,110,0.2961952604353428,0.8875
17,120,0.330907566100359,0.89375
17,130,0.2213147718459368,0.928125
17,140,0.25932911336421965,0.9125
17,150,0.28198218569159506,0.89375
17,160,0.2826195791363716,0.89375
17,170,0.23359816446900367,0.928125
17,180,0.31192287504673005,0.909375
17,190,0.23103865385055541,0.9
17,200,0.29650328159332273,0.9
17,210,0.2843839481472969,0.903125
17,220,0.19065616764128207,0.940625
17,230,0.26974978744983674,0.903125
17,240,0.2976111523807049,0.896875
17,250,0.2679503455758095,0.915625
17,260,0.35909620970487593,0.884375
17,270,0.19877813160419464,0.940625
17,280,0.2533892683684826,0.9125
17,290,0.2692508928477764,0.903125
17,300,0.3120737373828888,0.896875
18,10,0.25138550251722336,0.921875
18,20,0.2183720700442791,0.934375
18,30,0.20612924061715604,0.928125
18,40,0.27709522023797034,0.9125
18,50,0.2074352867901325,0.934375
18,60,0.176960227265954,0.946875
18,70,0.3282481536269188,0.89375
18,80,0.21411287635564805,0.93125
18,90,0.1915170930325985,0.9375
18,100,0.34462111443281174,0.884375
18,110,0.2397794984281063,0.921875
18,120,0.23588947653770448,0.91875
18,130,0.28583779036998747,0.909375
18,140,0.30532003492116927,0.896875
18,150,0.32499046698212625,0.9
18,160,0.25044795870780945,0.915625
18,170,0.24610555544495583,0.915625
18,180,0.3207242988049984,0.871875
18,190,0.2803837522864342,0.896875
18,200,0.3559080734848976,0.8875
18,210,0.2985797762870789,0.890625
18,220,0.27220072150230407,0.903125
18,230,0.34883029460906984,0.890625
18,240,0.2798736743628979,0.9125
18,250,0.27067237347364426,0.909375
18,260,0.2218843162059784,0.928125
18,270,0.267292570322752,0.91875
18,280,0.2651976980268955,0.9
18,290,0.2376021198928356,0.890625
18,300,0.2331388108432293,0.9125
19,10,0.2337315335869789,0.9125
19,20,0.2597263380885124,0.9125
19,30,0.24388543292880058,0.915625
19,40,0.25927831679582597,0.90625
19,50,0.18981483466923238,0.9375
19,60,0.2291436716914177,0.925
19,70,0.23454607129096985,0.90625
19,80,0.21742129772901536,0.91875
19,90,0.3161824390292168,0.890625
19,100,0.2665611580014229,0.9125
19,110,0.1756412260234356,0.93125
19,120,0.20327865704894066,0.9375
19,130,0.15627642758190632,0.940625
19,140,0.218076491355896,0.94375
19,150,0.2717533215880394,0.903125
19,160,0.21445273980498314,0.93125
19,170,0.23404882699251175,0.9
19,180,0.28122239783406255,0.9125
19,190,0.22122410796582698,0.93125
19,200,0.2399450846016407,0.9125
19,210,0.22020519003272057,0.9375
19,220,0.30016663298010826,0.896875
19,230,0.2468991681933403,0.921875
19,240,0.27721092104911804,0.909375
19,250,0.3063178606331348,0.890625
19,260,0.2514443852007389,0.915625
19,270,0.3252242296934128,0.884375
19,280,0.3602816589176655,0.875
19,290,0.32822759449481964,0.890625
19,300,0.2667604684829712,0.909375
20,10,0.2547673538327217,0.925
20,20,0.2373423233628273,0.925
20,30,0.23065585047006607,0.9125
20,40,0.24167149886488914,0.925
20,50,0.23028379380702974,0.925
20,60,0.218597923964262,0.921875
20,70,0.2752180442214012,0.909375
20,80,0.23522607013583183,0.903125
20,90,0.21255893036723136,0.925
20,100,0.2615149527788162,0.909375
20,110,0.2520121932029724,0.89375
20,120,0.22876654863357543,0.925
20,130,0.175221598893404,0.925
20,140,0.2591843731701374,0.9
20,150,0.2541456714272499,0.90625
20,160,0.24125313609838486,0.91875
20,170,0.3037768840789795,0.9
20,180,0.2631751634180546,0.91875
20,190,0.1956864807754755,0.9375
20,200,0.24758367612957954,0.89375
20,210,0.20984725430607795,0.946875
20,220,0.26054877787828445,0.90625
20,230,0.2850994512438774,0.9
20,240,0.38164872825145724,0.875
20,250,0.3168430656194687,0.928125
20,260,0.22368694916367532,0.91875
20,270,0.37754990011453626,0.8625
20,280,0.2281246818602085,0.91875
20,290,0.3029551513493061,0.9
20,300,0.27682001069188117,0.90625
21,10,0.1875561073422432,0.934375
21,20,0.21694980710744857,0.925
21,30,0.1984737053513527,0.9375
21,40,0.18873702809214593,0.9375
21,50,0.15210657231509686,0.953125
21,60,0.16374395936727523,0.953125
21,70,0.15816017873585225,0.946875
21,80,0.24495005942881107,0.9125
21,90,0.1556966111063957,0.95
21,100,0.2871975891292095,0.90625
21,110,0.25712937116622925,0.921875
21,120,0.19826611131429672,0.928125
21,130,0.20861839633435011,0.909375
21,140,0.2091071419417858,0.928125
21,150,0.16592557728290558,0.95
21,160,0.17112711258232594,0.9375
21,170,0.19631301797926426,0.94375
21,180,0.1719586757943034,0.94375
21,190,0.2776733160018921,0.909375
21,200,0.24328942745923995,0.915625
21,210,0.27848358601331713,0.91875
21,220,0.23247263487428427,0.90625
21,230,0.20642551854252816,0.921875
21,240,0.26580968499183655,0.903125
21,250,0.21112630516290665,0.934375
21,260,0.2500026568770409,0.90625
21,270,0.21482834666967393,0.921875
21,280,0.20839349627494813,0.921875
21,290,0.1835517778992653,0.928125
21,300,0.2642134800553322,0.909375
22,10,0.1984744168817997,0.91875
22,20,0.18695885092020034,0.925
22,30,0.16528851427137853,0.91875
22,40,0.19905092790722848,0.940625
22,50,0.20538073927164077,0.934375
22,60,0.2238920323550701,0.925
22,70,0.23461333513259888,0.934375
22,80,0.25480959191918373,0.928125
22,90,0.18095966354012488,0.94375
22,100,0.19800299033522606,0.94375
22,110,0.19427669793367386,0.93125
22,120,0.2516304850578308,0.921875
22,130,0.24460264891386033,0.9125
22,140,0.24264682233333587,0.9125
22,150,0.20731042250990867,0.93125
22,160,0.20526560321450232,0.925
22,170,0.2489096499979496,0.921875
22,180,0.27072681561112405,0.921875
22,190,0.3116786412894726,0.90625
22,200,0.25482402592897413,0.915625
22,210,0.18441578410565854,0.934375
22,220,0.2812899678945541,0.9125
22,230,0.2800199829041958,0.896875
22,240,0.21918209567666053,0.91875
22,250,0.23663115203380586,0.91875
22,260,0.2565301530063152,0.89375
22,270,0.21652400568127633,0.934375
22,280,0.2240208499133587,0.90625
22,290,0.2552452728152275,0.921875
22,300,0.28602766394615176,0.9
23,10,0.2722314424812794,0.903125
23,20,0.18127380311489105,0.9375
23,30,0.23634009808301926,0.91875
23,40,0.21416529193520545,0.940625
23,50,0.2281208038330078,0.909375
23,60,0.19661094956099986,0.934375
23,70,0.30855328775942326,0.9
23,80,0.21746374443173408,0.928125
23,90,0.19001248106360435,0.934375
23,100,0.23389041423797607,0.925
23,110,0.18866070359945297,0.9375
23,120,0.23940889164805412,0.909375
23,130,0.18195251151919364,0.921875
23,140,0.19026970192790033,0.940625
23,150,0.2780082955956459,0.90625
23,160,0.18837214559316634,0.940625
23,170,0.19664883613586426,0.940625
23,180,0.23090903386473655,0.91875
23,190,0.19573017731308937,0.940625
23,200,0.24213684499263763,0.9
23,210,0.19200215861201286,0.9375
23,220,0.21485864147543907,0.925
23,230,0.28725843876600266,0.9
23,240,0.1923741467297077,0.925
23,250,0.23432941734790802,0.921875
23,260,0.20472006425261496,0.93125
23,270,0.19410531520843505,0.925
23,280,0.17784623000770808,0.9375
23,290,0.2074363648891449,0.928125
23,300,0.1862867668271065,0.93125
24,10,0.24324866235256196,0.9125
24,20,0.22887249924242498,0.925
24,30,0.16252055987715722,0.946875
24,40,0.25297785103321074,0.90625
24,50,0.23242505118250847,0.896875
24,60,0.18267340660095216,0.93125
24,70,0.2068773701786995,0.925
24,80,0.24076082855463027,0.921875
24,90,0.22591450586915016,0.921875
24,100,0.16919578053057194,0.95
24,110,0.1886321149766445,0.928125
24,120,0.22823087722063065,0.921875
24,130,0.2022120475769043,0.915625
24,140,0.2658594362437725,0.89375
24,150,0.269950420409441,0.9125
24,160,0.22047408055514098,0.928125
24,170,0.22986278384923936,0.925
24,180,0.18197492361068726,0.940625
24,190,0.2512443646788597,0.91875
24,200,0.2707373782992363,0.915625
24,210,0.22640075385570527,0.9125
24,220,0.17561683431267738,0.946875
24,230,0.19096653200685978,0.940625
24,240,0.21707771122455596,0.934375
24,250,0.18456347472965717,0.925
24,260,0.2117880333214998,0.94375
24,270,0.16619254425168037,0.93125
24,280,0.1600244604051113,0.946875
24,290,0.16654559560120105,0.946875
24,300,0.19476743303239347,0.934375
25,10,0.12213796116411686,0.95625
25,20,0.13133093416690828,0.9625
25,30,0.1359281476587057,0.95
25,40,0.18497743532061578,0.934375
25,50,0.16291823145002127,0.940625
25,60,0.23230827152729033,0.921875
25,70,0.17955209501087666,0.93125
25,80,0.17897485941648483,0.94375
25,90,0.21745471507310868,0.934375
25,100,0.16674281507730485,0.9375
25,110,0.30913959443569183,0.9
25,120,0.1940852053463459,0.934375
25,130,0.23323502987623215,0.909375
25,140,0.2635620176792145,0.909375
25,150,0.2592648595571518,0.9125
25,160,0.2294766388833523,0.909375
25,170,0.17416933886706829,0.94375
25,180,0.2831343628466129,0.903125
25,190,0.24491306841373445,0.915625
25,200,0.17918285839259623,0.95
25,210,0.17141573317348957,0.94375
25,220,0.25462636947631834,0.915625
25,230,0.21424318831413985,0.925
25,240,0.24989552944898605,0.91875
25,250,0.2942235603928566,0.90625
25,260,0.2377433642745018,0.925
25,270,0.19693988785147667,0.93125
25,280,0.2742487654089928,0.903125
25,290,0.23907245323061943,0.90625
25,300,0.236668648570776,0.9125
26,10,0.19895184263586999,0.93125
26,20,0.18794642835855485,0.940625
26,30,0.20514127537608146,0.921875
26,40,0.24590513668954372,0.91875
26,50,0.1319487625733018,0.95625
26,60,0.1827061727643013,0.940625
26,70,0.25345577001571656,0.91875
26,80,0.16917957067489625,0.934375
26,90,0.2251558043062687,0.909375
26,100,0.18575210683047771,0.934375
26,110,0.17927857674658298,0.940625
26,120,0.18997889049351216,0.925
26,130,0.24215489719063044,0.915625
26,140,0.2701756186783314,0.91875
26,150,0.176040019094944,0.9375
26,160,0.17972381301224233,0.9375
26,170,0.2011464387178421,0.928125
26,180,0.2174118220806122,0.928125
26,190,0.17754318490624427,0.934375
26,200,0.18462225943803787,0.940625
26,210,0.22037153244018554,0.9375
26,220,0.23475541919469833,0.903125
26,230,0.17785199210047722,0.9375
26,240,0.24665775671601295,0.89375
26,250,0.20421714186668397,0.946875
26,260,0.2454561073333025,0.921875
26,270,0.13625635541975498,0.953125
26,280,0.23241785913705826,0.91875
26,290,0.22073367685079576,0.9375
26,300,0.2565584313124418,0.91875
27,10,0.1845993772149086,0.934375
27,20,0.1898007169365883,0.934375
27,30,0.14231705740094186,0.946875
27,40,0.15119557231664657,0.946875
27,50,0.21731880605220794,0.9125
27,60,0.1994779512286186,0.928125
27,70,0.14839568063616754,0.94375
27,80,0.18104919381439685,0.94375
27,90,0.20782290175557136,0.925
27,100,0.2573187544941902,0.89375
27,110,0.206268572807312,0.93125
27,120,0.24596524909138678,0.925
27,130,0.22225623652338983,0.925
27,140,0.2473541185259819,0.921875
27,150,0.20230858623981476,0.934375
27,160,0.2042281784117222,0.9375
27,170,0.12710284031927585,0.953125
27,180,0.20371480137109757,0.921875
27,190,0.2513577800244093,0.915625
27,200,0.2114753931760788,0.9375
27,210,0.19137736670672895,0.934375
27,220,0.17119812667369844,0.940625
27,230,0.24951068833470344,0.915625
27,240,0.23652666807174683,0.915625
27,250,0.2664931505918503,0.9
27,260,0.17517046257853508,0.934375
27,270,0.20426367316395044,0.91875
27,280,0.19262968599796296,0.93125
27,290,0.20904868096113205,0.928125
27,300,0.2135588236153126,0.921875
28,10,0.14857955910265447,0.959375
28,20,0.1574583314359188,0.940625
28,30,0.22254032045602798,0.915625
28,40,0.1632538393139839,0.934375
28,50,0.20471552833914758,0.928125
28,60,0.16988728940486908,0.946875
28,70,0.15695345103740693,0.95
28,80,0.1525619488209486,0.959375
28,90,0.18125519454479216,0.9375
28,100,0.1960346881300211,0.928125
28,110,0.21973379328846931,0.928125
28,120,0.15387389212846755,0.9375
28,130,0.22421498373150825,0.93125
28,140,0.15218436680734157,0.953125
28,150,0.24661764539778233,0.9125
28,160,0.1810516208410263,0.940625
28,170,0.12650848291814326,0.96875
28,180,0.16959316432476043,0.94375
28,190,0.1528182726353407,0.95
28,200,0.2268736779689789,0.921875
28,210,0.1788463458418846,0.928125
28,220,0.20238123908638955,0.921875
28,230,0.2037898300215602,0.934375
28,240,0.29312264248728753,0.903125
28,250,0.23055096939206124,0.9125
28,260,0.22386688999831678,0.915625
28,270,0.19354317858815193,0.91875
28,280,0.25074744820594785,0.909375
28,290,0.19928128495812417,0.9375
28,300,0.2577618293464184,0.896875
29,10,0.08768121153116226,0.975
29,20,0.17069973796606064,0.93125
29,30,0.14722956344485283,0.94375
29,40,0.13717894330620767,0.95625
29,50,0.15301168635487555,0.95
29,60,0.23604787066578864,0.91875
29,70,0.18508113771677018,0.9375
29,80,0.14732480943202972,0.946875
29,90,0.1792186178267002,0.9375
29,100,0.20317534245550634,0.934375
29,110,0.1991551037877798,0.9375
29,120,0.15145004652440547,0.9375
29,130,0.1729381076991558,0.946875
29,140,0.1872858626767993,0.9375
29,150,0.16680547147989272,0.953125
29,160,0.18400728181004525,0.95
29,170,0.14679226726293565,0.959375
29,180,0.12902763076126575,0.953125
29,190,0.18450623452663423,0.95
29,200,0.17562521621584892,0.925
29,210,0.1730968203395605,0.925
29,220,0.19777368754148483,0.921875
29,230,0.255682197958231,0.925
29,240,0.19753958471119404,0.909375
29,250,0.21606867536902427,0.9375
29,260,0.15621904470026493,0.95625
29,270,0.2452517881989479,0.90625
29,280,0.1456146866083145,0.934375
29,290,0.14576462656259537,0.95
29,300,0.2017464589327574,0.928125
30,10,0.16473048105835914,0.946875
30,20,0.2542073979973793,0.921875
30,30,0.160847407579422,0.953125
30,40,0.17484639808535576,0.934375
30,50,0.18019468188285828,0.93125
30,60,0.1995178021490574,0.934375
30,70,0.16825283952057363,0.940625
30,80,0.12086293045431376,0.9625
30,90,0.1823599051684141,0.9375
30,100,0.1341223143041134,0.95
30,110,0.14964887723326684,0.94375
30,120,0.1841362424194813,0.928125
30,130,0.15802384167909622,0.946875
30,140,0.12521701455116271,0.959375
30,150,0.12101611346006394,0.965625
30,160,0.14433034658432006,0.946875
30,170,0.13689374029636384,0.95
30,180,0.17867005299776792,0.94375
30,190,0.22434037402272225,0.921875
30,200,0.16201176457107067,0.940625
30,210,0.1693480659276247,0.946875
30,220,0.18874167911708356,0.93125
30,230,0.22126568108797073,0.93125
30,240,0.19833487085998058,0.925
30,250,0.20103972665965558,0.925
30,260,0.24790536761283874,0.915625
30,270,0.20206743553280831,0.921875
30,280,0.1767408788204193,0.934375
30,290,0.1566668003797531,0.953125
30,300,0.20911966506391763,0.93125
31,10,0.13062733933329582,0.95625
31,20,0.2907467894256115,0.90625
31,30,0.16187620908021927,0.95
31,40,0.1459258321672678,0.953125
31,50,0.19025484435260295,0.940625
31,60,0.18682378493249416,0.940625
31,70,0.1773704081773758,0.93125
31,80,0.2326490692794323,0.915625
31,90,0.17314317151904107,0.93125
31,100,0.22989933639764787,0.928125
31,110,0.1577960543334484,0.940625
31,120,0.19470259919762611,0.93125
31,130,0.16369927264750003,0.940625
31,140,0.20489711537957192,0.93125
31,150,0.27089510932564737,0.915625
31,160,0.17259984239935874,0.940625
31,170,0.1660687828436494,0.934375
31,180,0.14504023427143692,0.9375
31,190,0.18388988263905048,0.921875
31,200,0.21535422131419182,0.9375
31,210,0.16318389326333999,0.953125
31,220,0.22052378132939338,0.925
31,230,0.20521724224090576,0.921875
31,240,0.15762723758816719,0.95
31,250,0.17891302406787873,0.921875
31,260,0.16951042897999286,0.95
31,270,0.14422781746834518,0.934375
31,280,0.19347319528460502,0.925
31,290,0.16798923164606094,0.940625
31,300,0.1699832368642092,0.9375
32,10,0.22725949585437774,0.909375
32,20,0.18652059361338616,0.934375
32,30,0.12858221493661404,0.946875
32,40,0.13357757739722728,0.946875
32,50,0.14832268767058848,0.95
32,60,0.11296882815659046,0.95
32,70,0.1036705557256937,0.965625
32,80,0.16678965464234352,0.9375
32,90,0.14826784171164037,0.94375
32,100,0.1715067096054554,0.934375
32,110,0.12850130908191204,0.9625
32,120,0.16586477346718312,0.95
32,130,0.16023264788091182,0.94375
32,140,0.13700679484754802,0.95625
32,150,0.1487369380891323,0.940625
32,160,0.15057867243885995,0.95625
32,170,0.13352746814489364,0.946875
32,180,0.1843662030994892,0.928125
32,190,0.15294101289473475,0.946875
32,200,0.18610480092465878,0.946875
32,210,0.1246013443917036,0.95625
32,220,0.14338175989687443,0.95
32,230,0.20863681146875024,0.91875
32,240,0.30521201342344284,0.90625
32,250,0.21725052669644357,0.925
32,260,0.156670693308115,0.946875
32,270,0.22826496735215188,0.9375
32,280,0.1501480396836996,0.95
32,290,0.19283442832529546,0.925
32,300,0.198187106102705,0.925
33,10,0.1427562028169632,0.95625
33,20,0.14528192542493343,0.953125
33,30,0.14099216945469378,0.946875
33,40,0.15910100415349007,0.934375
33,50,0.1890486776828766,0.93125
33,60,0.1202160319313407,0.95625
33,70,0.16750744953751565,0.934375
33,80,0.1117174655199051,0.9625
33,90,0.15760833881795405,0.946875
33,100,0.21124932989478112,0.928125
33,110,0.16468383744359016,0.946875
33,120,0.10463001653552055,0.959375
33,130,0.12669998556375503,0.95625
33,140,0.15762078315019606,0.940625
33,150,0.1261545330286026,0.946875
33,160,0.13080660961568355,0.95625
33,170,0.14794685114175082,0.95
33,180,0.1607115376740694,0.934375
33,190,0.1535633748397231,0.953125
33,200,0.1656782951205969,0.94375
33,210,0.19741884395480155,0.93125
33,220,0.17364801801741123,0.940625
33,230,0.14896559864282607,0.946875
33,240,0.1364317551255226,0.95
33,250,0.12808236479759216,0.95625
33,260,0.22954063918441533,0.934375
33,270,0.16309438981115817,0.928125
33,280,0.1820064105093479,0.934375
33,290,0.19793606996536256,0.925
33,300,0.18038876317441463,0.93125
34,10,0.13825108986347914,0.94375
34,20,0.18148102685809137,0.93125
34,30,0.15495236180722713,0.940625
34,40,0.14428116083145143,0.95625
34,50,0.12330801300704479,0.953125
34,60,0.11560480482876301,0.95
34,70,0.11419127397239208,0.95625
34,80,0.10833534528501332,0.9625
34,90,0.13903950676321983,0.934375
34,100,0.16554093807935716,0.95625
34,110,0.1407526098191738,0.95625
34,120,0.17871986255049704,0.925
34,130,0.17406477462500333,0.94375
34,140,0.1417205348610878,0.94375
34,150,0.09239931032061577,0.96875
34,160,0.14294487461447716,0.953125
34,170,0.1627071810886264,0.928125
34,180,0.18893020302057267,0.94375
34,190,0.17835516557097436,0.934375
34,200,0.1649069856852293,0.928125
34,210,0.3118881583213806,0.90625
34,220,0.15997376888990403,0.928125
34,230,0.1508239194750786,0.940625
34,240,0.11770328618586064,0.95625
34,250,0.16431150548160076,0.94375
34,260,0.22388672083616257,0.91875
34,270,0.1736718898639083,0.934375
34,280,0.16985438466072084,0.94375
34,290,0.1464475393295288,0.953125
34,300,0.19870273694396018,0.928125
35,10,0.17227445915341377,0.95
35,20,0.13851956352591516,0.940625
35,30,0.10520946606993675,0.946875
35,40,0.1218636229634285,0.95
35,50,0.14117062892764806,0.95625
35,60,0.14057762995362283,0.940625
35,70,0.17935646399855615,0.946875
35,80,0.16593955531716348,0.94375
35,90,0.17324021682143212,0.940625
35,100,0.1684126403182745,0.93125
35,110,0.13464326038956642,0.934375
35,120,0.1642326395958662,0.940625
35,130,0.16547078862786294,0.925
35,140,0.1426777720451355,0.95625
35,150,0.14914343897253274,0.959375
35,160,0.1270755674690008,0.95
35,170,0.11322197150439024,0.959375
35,180,0.12916151005774737,0.95
35,190,0.14046474788337945,0.953125
35,200,0.15538447462022303,0.94375
35,210,0.1944363757967949,0.93125
35,220,0.15265486165881156,0.953125
35,230,0.19450955092906952,0.934375
35,240,0.14078773334622383,0.946875
35,250,0.2107697270810604,0.934375
35,260,0.15158469900488852,0.9375
35,270,0.2241045331582427,0.925
35,280,0.16999687775969505,0.921875
35,290,0.1660367950797081,0.94375
35,300,0.16563138477504252,0.94375
36,10,0.19109775349497796,0.946875
36,20,0.17549140695482493,0.91875
36,30,0.18539562486112118,0.934375
36,40,0.14573330245912075,0.95
36,50,0.1710492242127657,0.940625
36,60,0.16083562970161439,0.928125
36,70,0.16341309789568187,0.94375
36,80,0.13704610355198382,0.95
36,90,0.18002449721097946,0.940625
36,100,0.1737269327044487,0.934375
36,110,0.21360400766134263,0.928125
36,120,0.18111975416541098,0.9375
36,130,0.18075589425861835,0.925
36,140,0.10998356584459543,0.95625
36,150,0.14144697412848473,0.9375
36,160,0.175973379611969,0.93125
36,170,0.17702000346034766,0.928125
36,180,0.12645388394594193,0.95
36,190,0.16947011770680548,0.928125
36,200,0.1638663738965988,0.946875
36,210,0.18225487768650056,0.940625
36,220,0.14777920227497815,0.946875
36,230,0.14956374764442443,0.946875
36,240,0.25084988623857496,0.921875
36,250,0.1354859685525298,0.95625
36,260,0.14801065325737,0.946875
36,270,0.1804884634912014,0.93125
36,280,0.12786708660423757,0.946875
36,290,0.12945851106196643,0.9625
36,300,0.19118411354720594,0.928125
37,10,0.16827016286551952,0.9375
37,20,0.18589814901351928,0.946875
37,30,0.13012956846505402,0.9625
37,40,0.17580730505287648,0.946875
37,50,0.12116246726363897,0.959375
37,60,0.15479399673640729,0.946875
37,70,0.11908889077603817,0.95
37,80,0.13338424563407897,0.940625
37,90,0.1673914637416601,0.934375
37,100,0.09389592222869396,0.9625
37,110,0.1649993233382702,0.953125
37,120,0.16688447520136834,0.93125
37,130,0.15944749638438224,0.94375
37,140,0.12240233346819877,0.959375
37,150,0.20829510912299157,0.925
37,160,0.09692883379757404,0.965625
37,170,0.1241819504648447,0.95
37,180,0.12529833503067495,0.95625
37,190,0.12810876928269863,0.953125
37,200,0.16111859455704688,0.94375
37,210,0.091592007689178,0.965625
37,220,0.11473324336111546,0.95625
37,230,0.19306118991225957,0.9375
37,240,0.16423876583576202,0.95625
37,250,0.16897181496024133,0.94375
37,260,0.16859597638249396,0.953125
37,270,0.15701893121004104,0.95
37,280,0.15589888151735068,0.946875
37,290,0.13563806135207415,0.940625
37,300,0.16759542152285575,0.940625
38,10,0.10817004349082708,0.959375
38,20,0.09132203562185168,0.9625
38,30,0.11056701615452766,0.959375
38,40,0.14844119623303415,0.95
38,50,0.0944502541795373,0.965625
38,60,0.13429216668009758,0.959375
38,70,0.12547598872333765,0.95625
38,80,0.15589171797037124,0.94375
38,90,0.14861009661108254,0.9375
38,100,0.14354295656085014,0.95625
38,110,0.14284869991242885,0.94375
38,120,0.19497258812189103,0.934375
38,130,0.08883692473173141,0.96875
38,140,0.1792929757386446,0.940625
38,150,0.14581846483051777,0.946875
38,160,0.13178979195654392,0.953125
38,170,0.17785661965608596,0.9375
38,180,0.13783327210694551,0.95625
38,190,0.1391132103279233,0.953125
38,200,0.18204397670924663,0.946875
38,210,0.1404554532840848,0.95
38,220,0.1352593019604683,0.9625
38,230,0.2233759079128504,0.90625
38,240,0.1437566495500505,0.95
38,250,0.11146463938057423,0.95625
38,260,0.20265814289450645,0.93125
38,270,0.13932374101132156,0.95625
38,280,0.1698069531470537,0.940625
38,290,0.11578214690089225,0.965625
38,300,0.09673056453466415,0.971875
39,10,0.11942851599305868,0.946875
39,20,0.13224629759788514,0.9625
39,30,0.15573207922279836,0.95
39,40,0.1507765855640173,0.94375
39,50,0.1342872016131878,0.9625
39,60,0.10856780540198088,0.965625
39,70,0.11827788297086954,0.95625
39,80,0.13646337874233722,0.946875
39,90,0.1628271508961916,0.959375
39,100,0.11567141264677047,0.959375
39,110,0.1696794480085373,0.95
39,120,0.1249195471405983,0.953125
39,130,0.08664220999926328,0.96875
39,140,0.21194878034293652,0.9125
39,150,0.10988684222102166,0.9625
39,160,0.13521365448832512,0.953125
39,170,0.15393825005739928,0.94375
39,180,0.15117881074547768,0.953125
39,190,0.10802108831703663,0.96875
39,200,0.19800637234002352,0.925
39,210,0.19518801793456078,0.925
39,220,0.17600188441574574,0.934375
39,230,0.23830548897385598,0.921875
39,240,0.18913718461990356,0.934375
39,250,0.18665898740291595,0.91875
39,260,0.2246912822127342,0.91875
39,270,0.1724890351295471,0.94375
39,280,0.2259586773812771,0.921875
39,290,0.14420459121465684,0.940625
39,300,0.17024971023201943,0.9375
40,10,0.13296124152839184,0.9625
40,20,0.12960819378495217,0.95
40,30,0.10910995844751596,0.96875
40,40,0.12075956943444907,0.959375
40,50,0.12405912019312382,0.953125
40,60,0.11104446277022362,0.953125
40,70,0.13087096475064755,0.953125
40,80,0.12798350751399995,0.953125
40,90,0.1468528300523758,0.95625
40,100,0.12805188726633787,0.95
40,110,0.16136525124311446,0.940625
40,120,0.1489982096478343,0.953125
40,130,0.1707189291715622,0.94375
40,140,0.11869335453957319,0.95
40,150,0.14537141118198632,0.95
40,160,0.20884681344032288,0.91875
40,170,0.18458977863192558,0.928125
40,180,0.16193376556038858,0.9375
40,190,0.1710294097661972,0.946875
40,200,0.14120115898549557,0.946875
40,210,0.13373340629041194,0.95625
40,220,0.16710798107087613,0.9375
40,230,0.14976530335843563,0.959375
40,240,0.1892075575888157,0.946875
40,250,0.13380483593791723,0.95
40,260,0.18617312032729388,0.940625
40,270,0.15068380646407603,0.940625
40,280,0.17454811446368695,0.95
40,290,0.102069341391325,0.953125
40,300,0.16656061373651027,0.95
41,10,0.1383040128275752,0.953125
41,20,0.09946873225271702,0.9625
41,30,0.1411502482369542,0.946875
41,40,0.12418682016432285,0.95625
41,50,0.11435230560600758,0.965625
41,60,0.14646928384900093,0.95
41,70,0.1533427767455578,0.946875
41,80,0.12877046428620814,0.965625
41,90,0.18440386932343245,0.940625
41,100,0.1722011785954237,0.9375
41,110,0.10138133335858583,0.971875
41,120,0.15063591711223126,0.9375
41,130,0.17427521385252476,0.94375
41,140,0.151529411226511,0.9375
41,150,0.16837844625115395,0.95
41,160,0.16898508965969086,0.940625
41,170,0.14607740044593812,0.9375
41,180,0.15333179105073214,0.94375
41,190,0.14613738879561425,0.94375
41,200,0.09998543597757817,0.959375
41,210,0.1436641775071621,0.946875
41,220,0.16376495063304902,0.934375
41,230,0.12057779431343078,0.940625
41,240,0.11385443387553096,0.965625
41,250,0.11995129603892565,0.95625
41,260,0.15240179598331452,0.946875
41,270,0.15840400494635104,0.940625
41,280,0.15988182090222836,0.953125
41,290,0.13738817423582078,0.946875
41,300,0.16988326460123063,0.94375
42,10,0.1348340420052409,0.95
42,20,0.07642298750579357,0.965625
42,30,0.14457887187600135,0.95
42,40,0.07103479169309139,0.978125
42,50,0.10123247550800443,0.975
42,60,0.09877072628587484,0.95625
42,70,0.12996210418641568,0.95
42,80,0.11784643903374672,0.946875
42,90,0.14781174771487712,0.95
42,100,0.13813437893986702,0.953125
42,110,0.14977290332317353,0.94375
42,120,0.17653511241078376,0.946875
42,130,0.09428750034421682,0.96875
42,140,0.1436346335336566,0.9375
42,150,0.11851140409708023,0.94375
42,160,0.13043460845947266,0.953125
42,170,0.11334328968077897,0.959375
42,180,0.14455019161105156,0.946875
42,190,0.13211715733632445,0.953125
42,200,0.15973890386521816,0.9375
42,210,0.10543908271938562,0.959375
42,220,0.11629711734130979,0.95625
42,230,0.14497091732919215,0.946875
42,240,0.14740531668066978,0.946875
42,250,0.1802336022257805,0.9375
42,260,0.13273131977766753,0.965625
42,270,0.1438463144004345,0.95
42,280,0.1508842010051012,0.95625
42,290,0.13616430219262837,0.953125
42,300,0.16828137636184692,0.953125
43,10,0.12318995669484138,0.95625
43,20,0.12672863509505988,0.9625
43,30,0.15776735581457615,0.94375
43,40,0.11471018940210342,0.953125
43,50,0.10757670328021049,0.978125
43,60,0.1236386276781559,0.9625
43,70,0.12397141139954329,0.95625
43,80,0.08129538726061583,0.975
43,90,0.08922776002436876,0.975
43,100,0.09084372837096452,0.96875
43,110,0.14453433379530906,0.946875
43,120,0.11335659585893154,0.946875
43,130,0.1210274811834097,0.95
43,140,0.11333828046917915,0.959375
43,150,0.11158490274101496,0.95
43,160,0.14799292273819448,0.953125
43,170,0.10664336765184998,0.965625
43,180,0.10669786017388105,0.965625
43,190,0.10754939503967761,0.946875
43,200,0.10151199959218501,0.965625
43,210,0.09153290539979934,0.971875
43,220,0.10340544618666173,0.96875
43,230,0.17258736100047828,0.928125
43,240,0.10327239856123924,0.953125
43,250,0.10046469010412692,0.96875
43,260,0.16029868312180043,0.940625
43,270,0.1482355022802949,0.94375
43,280,0.09999974966049194,0.9625
43,290,0.12285345569252967,0.971875
43,300,0.15932553503662347,0.940625
44,10,0.12243404537439347,0.95625
44,20,0.104962657392025,0.959375
44,30,0.09321390017867089,0.95625
44,40,0.12108608316630125,0.959375
44,50,0.12947386521846055,0.946875
44,60,0.09394737388938665,0.971875
44,70,0.1769430086016655,0.9375
44,80,0.08382167499512434,0.9625
44,90,0.10706209386698902,0.9625
44,100,0.10620127692818641,0.959375
44,110,0.15332901664078236,0.940625
44,120,0.15629551596939564,0.934375
44,130,0.17699026316404343,0.94375
44,140,0.14308146201074123,0.94375
44,150,0.18056521974503995,0.946875
44,160,0.1536542721092701,0.953125
44,170,0.1110760036855936,0.959375
44,180,0.1743754494935274,0.934375
44,190,0.14833677597343922,0.946875
44,200,0.09812259376049041,0.975
44,210,0.15066800713539125,0.946875
44,220,0.0909695990383625,0.96875
44,230,0.16932194959372282,0.953125
44,240,0.18689951077103614,0.94375
44,250,0.1437028178945184,0.959375
44,260,0.10782081810757518,0.953125
44,270,0.12180009409785271,0.9625
44,280,0.11081102974712849,0.95625
44,290,0.14720214884728194,0.946875
44,300,0.14412109479308127,0.959375
45,10,0.1188872653990984,0.965625
45,20,0.11805795468389987,0.9625
45,30,0.07301860712468625,0.975
45,40,0.15266591273248195,0.9375
45,50,0.06995689067989588,0.984375
45,60,0.1413511473685503,0.940625
45,70,0.1235282814130187,0.965625
45,80,0.12605032958090306,0.959375
45,90,0.08341628480702638,0.965625
45,100,0.08771119080483913,0.971875
45,110,0.11964135859161615,0.95
45,120,0.1474978644400835,0.94375
45,130,0.13592484388500453,0.95
45,140,0.12131076492369175,0.959375
45,150,0.10588853694498539,0.959375
45,160,0.13973042257130147,0.9625
45,170,0.11409688116982579,0.95
45,180,0.13240440487861632,0.953125
45,190,0.07905172165483236,0.975
45,200,0.10544305332005025,0.965625
45,210,0.13384603280574084,0.946875
45,220,0.12439981773495674,0.953125
45,230,0.10933746788650751,0.959375
45,240,0.12605535034090282,0.959375
45,250,0.16367108467966318,0.94375
45,260,0.13769901785999536,0.95625
45,270,0.16897749658674002,0.934375
45,280,0.13985669240355492,0.946875
45,290,0.2075307048857212,0.946875
45,300,0.09641294293105603,0.96875
46,10,0.18061956390738487,0.946875
46,20,0.12387869162485003,0.959375
46,30,0.09307458121329545,0.971875
46,40,0.07182482983916998,0.98125
46,50,0.11074081640690565,0.959375
46,60,0.13981844559311868,0.946875
46,70,0.1607368191704154,0.9375
46,80,0.11328246630728245,0.95625
46,90,0.14479745272547007,0.971875
46,100,0.10065833972766995,0.9625
46,110,0.12398966923356056,0.965625
46,120,0.11639906279742718,0.965625
46,130,0.14084394397214056,0.934375
46,140,0.11664918027818202,0.95625
46,150,0.1322100417688489,0.965625
46,160,0.12436948716640472,0.959375
46,170,0.12485752068459988,0.95625
46,180,0.14683375991880893,0.959375
46,190,0.11056459229439497,0.96875
46,200,0.10594043284654617,0.95625
46,210,0.19397478960454465,0.928125
46,220,0.12402019947767258,0.959375
46,230,0.09175873156636953,0.978125
46,240,0.11701576095074415,0.959375
46,250,0.09761367477476597,0.965625
46,260,0.15767316780984403,0.934375
46,270,0.14444606816396116,0.94375
46,280,0.130434094928205,0.95
46,290,0.13924259580671788,0.946875
46,300,0.12541968384757637,0.9625
47,10,0.09371471405029297,0.971875
47,20,0.10531413573771715,0.959375
47,30,0.1076126922853291,0.953125
47,40,0.09088370632380247,0.9625
47,50,0.09372892007231712,0.965625
47,60,0.09707420393824577,0.9625
47,70,0.09243631809949875,0.971875
47,80,0.13501624520868064,0.95625
47,90,0.10308178365230561,0.959375
47,100,0.09718496045097709,0.978125
47,110,0.1271344638429582,0.959375
47,120,0.1385392786934972,0.953125
47,130,0.11302522951737046,0.95
47,140,0.13499650098383426,0.946875
47,150,0.10844597667455673,0.96875
47,160,0.1180966854095459,0.953125
47,170,0.09059340856038034,0.953125
47,180,0.09553753603249789,0.96875
47,190,0.1328732651658356,0.953125
47,200,0.14856829717755318,0.934375
47,210,0.15473534762859345,0.95
47,220,0.11412314921617508,0.953125
47,230,0.12498995661735535,0.95625
47,240,0.16148549965582787,0.95
47,250,0.14557073600590228,0.95625
47,260,0.11623497046530247,0.95625
47,270,0.08790871426463127,0.9625
47,280,0.09515303708612918,0.96875
47,290,0.0927667748183012,0.971875
47,300,0.04877005564048886,0.990625
48,10,0.13822508798912167,0.95
48,20,0.08474157471209764,0.95625
48,30,0.06680035069584847,0.971875
48,40,0.07490549460053444,0.971875
48,50,0.10311791310086846,0.95625
48,60,0.13098195497877896,0.959375
48,70,0.10286946557462215,0.9625
48,80,0.09120374601334333,0.965625
48,90,0.11686694584786891,0.9625
48,100,0.09034592602401972,0.9625
48,110,0.09809682872146368,0.959375
48,120,0.1334885774180293,0.9625
48,130,0.09470027349889279,0.95625
48,140,0.1563867015298456,0.946875
48,150,0.12416489291936159,0.95
48,160,0.15345545746386052,0.946875
48,170,0.09506876394152641,0.965625
48,180,0.15076358765363693,0.940625
48,190,0.11597661096602678,0.95625
48,200,0.09133921284228563,0.971875
48,210,0.07353210896253586,0.971875
48,220,0.1392581896856427,0.94375
48,230,0.11426488794386387,0.959375
48,240,0.08904064483940602,0.9625
48,250,0.08996668048202991,0.971875
48,260,0.1462273295968771,0.95
48,270,0.11988665610551834,0.965625
48,280,0.10142263658344745,0.959375
48,290,0.08311584349721671,0.965625
48,300,0.09841809682548046,0.96875
49,10,0.11707760784775019,0.96875
49,20,0.13619560189545155,0.95
49,30,0.08983031865209341,0.959375
49,40,0.08039312800392509,0.975
49,50,0.11563324443995952,0.946875
49,60,0.13153142780065535,0.9625
49,70,0.08507321886718273,0.96875
49,80,0.08700986038893462,0.9625
49,90,0.08403256330639124,0.96875
49,100,0.11785183362662792,0.9625
49,110,0.17318829856812953,0.94375
49,120,0.07345121949911118,0.975
49,130,0.13727951217442752,0.9625
49,140,0.16177822574973105,0.94375
49,150,0.09816143065690994,0.96875
49,160,0.16967713758349418,0.921875
49,170,0.19467809405177833,0.928125
49,180,0.14738708063960076,0.95
49,190,0.14283577650785445,0.94375
49,200,0.10999940354377032,0.9625
49,210,0.12931855842471124,0.94375
49,220,0.10628946609795094,0.9625
49,230,0.1089834189042449,0.95
49,240,0.09309509489685297,0.965625
49,250,0.09285869859158993,0.9625
49,260,0.09953037537634372,0.96875
49,270,0.17546117827296256,0.940625
49,280,0.16301828920841216,0.940625
49,290,0.14379847645759583,0.965625
49,300,0.11813927553594113,0.95625
