0,10,3.354765844345093,0.159375
0,20,2.9988037586212157,0.253125
0,30,2.8042675018310548,0.31875
0,40,2.4447449922561644,0.43125
0,50,2.5074016571044924,0.353125
0,60,2.276783514022827,0.446875
0,70,2.223487448692322,0.4375
0,80,2.090206778049469,0.45625
0,90,1.9947929620742797,0.503125
0,100,1.9797513127326964,0.49375
0,110,1.86601220369339,0.50625
0,120,1.7489132285118103,0.534375
0,130,1.8100350737571715,0.528125
0,140,1.765694010257721,0.521875
0,150,1.6546634793281556,0.55
0,160,1.5102685570716858,0.60625
0,170,1.5930040240287782,0.578125
0,180,1.5016829013824462,0.575
0,190,1.3431692481040955,0.6375
0,200,1.412028193473816,0.6125
0,210,1.491963005065918,0.615625
0,220,1.5064379096031189,0.59375
0,230,1.4646271765232086,0.59375
0,240,1.1919273376464843,0.665625
0,250,1.273575222492218,0.646875
0,260,1.3357483625411988,0.615625
0,270,1.3102064251899719,0.634375
0,280,1.2028554677963257,0.68125
0,290,1.223141074180603,0.671875
0,300,1.1665220737457276,0.659375
1,10,1.1412084102630615,0.65625
1,20,1.0687999308109284,0.715625
1,30,0.980278879404068,0.690625
1,40,0.9110641688108444,0.75625
1,50,0.8384910762310028,0.76875
1,60,1.0442610502243042,0.703125
1,70,1.0459014177322388,0.7125
1,80,1.0136836290359497,0.7
1,90,0.9802073836326599,0.7
1,100,0.9965531587600708,0.709375
1,110,0.975391435623169,0.7125
1,120,0.8466993629932403,0.778125
1,130,0.806813246011734,0.76875
1,140,0.9358082771301269,0.7125
1,150,0.8126404285430908,0.76875
1,160,0.8096321105957032,0.75625
1,170,0.8165591806173325,0.78125
1,180,0.8142190515995026,0.765625
1,190,0.8755626499652862,0.75625
1,200,0.803641963005066,0.759375
1,210,0.7962482154369355,0.784375
1,220,0.6207453966140747,0.815625
1,230,0.7514575213193894,0.7875
1,240,0.6393102973699569,0.83125
1,250,0.6721197813749313,0.803125
1,260,0.9567964553833008,0.73125
1,270,0.7524045199155808,0.7875
1,280,0.7105952262878418,0.790625
1,290,0.867715346813202,0.75625
1,300,0.7369443267583847,0.775
2,10,0.7392226338386536,0.784375
2,20,0.6208901166915893,0.815625
2,30,0.7171507447957992,0.8
2,40,0.6231817543506623,0.828125
2,50,0.7690806955099105,0.78125
2,60,0.6135044276714325,0.828125
2,70,0.6233701676130294,0.81875
2,80,0.6254274100065231,0.809375
2,90,0.6607471972703933,0.80625
2,100,0.5550326108932495,0.8375
2,110,0.6853868722915649,0.8125
2,120,0.6511086821556091,0.809375
2,130,0.5570318073034286,0.846875
2,140,0.6491588681936264,0.825
2,150,0.6322528794407845,0.803125
2,160,0.557070004940033,0.825
2,170,0.537687286734581,0.840625
2,180,0.6698144465684891,0.79375
2,190,0.7189970701932907,0.7875
2,200,0.6601414740085602,0.815625
2,210,0.6326112270355224,0.815625
2,220,0.5359475702047348,0.846875
2,230,0.6441316694021225,0.784375
2,240,0.64859798848629,0.809375
2,250,0.5338836371898651,0.846875
2,260,0.5454040676355362,0.846875
2,270,0.7241980820894242,0.8
2,280,0.5267848253250123,0.840625
2,290,0.5224651545286179,0.84375
2,300,0.5891058772802353,0.83125
3,10,0.5716200590133667,0.840625
3,20,0.5339974105358124,0.83125
3,30,0.4446047157049179,0.8625
3,40,0.5023784518241883,0.86875
3,50,0.4999637007713318,0.83125
3,60,0.4430042564868927,0.85625
3,70,0.5724121645092964,0.828125
3,80,0.5254828095436096,0.83125
3,90,0.597780030965805,0.815625
3,100,0.595049825310707,0.8125
3,110,0.4952533423900604,0.85625
3,120,0.5605947941541671,0.8375
3,130,0.4564152270555496,0.853125
3,140,0.5289875060319901,0.828125
3,150,0.6512238413095475,0.815625
3,160,0.5157097399234771,0.846875
3,170,0.42934222519397736,0.871875
3,180,0.4977302342653275,0.859375
3,190,0.5420941203832627,0.84375
3,200,0.5050641477108002,0.84375
3,210,0.5659788236021995,0.83125
3,220,0.45251798033714297,0.875
3,230,0.5626151829957962,0.81875
3,240,0.39204849004745485,0.875
3,250,0.4479779079556465,0.875
3,260,0.39324635416269305,0.896875
3,270,0.40832363069057465,0.853125
3,280,0.4748522564768791,0.8625
3,290,0.5107524305582046,0.821875
3,300,0.44633484333753587,0.875
4,10,0.42127061933279036,0.8875
4,20,0.4290262371301651,0.878125
4,30,0.46451733112335203,0.834375
4,40,0.4357001483440399,0.859375
4,50,0.44600817412137983,0.86875
4,60,0.3976122185587883,0.875
4,70,0.33431856855750086,0.9
4,80,0.48390387296676635,0.88125
4,90,0.4103072792291641,0.8625
4,100,0.38844516426324843,0.884375
4,110,0.4323818743228912,0.875
4,120,0.4767321676015854,0.840625
4,130,0.4348617672920227,0.8625
4,140,0.4523093819618225,0.85625
4,150,0.4124190375208855,0.871875
4,160,0.4066890150308609,0.884375
4,170,0.35948400050401685,0.88125
4,180,0.40925312936306,0.878125
4,190,0.49240426570177076,0.85
4,200,0.46704061627388,0.875
4,210,0.42400798499584197,0.865625
4,220,0.3985405877232552,0.878125
4,230,0.46165077686309813,0.875
4,240,0.5117902830243111,0.859375
4,250,0.3591961830854416,0.9
4,260,0.40010440796613694,0.875
4,270,0.41369772255420684,0.859375
4,280,0.4637282662093639,0.846875
4,290,0.5313383162021637,0.8375
4,300,0.45206689834594727,0.85625
5,10,0.31730696707963946,0.91875
5,20,0.39305065870285033,0.884375
5,30,0.3723766922950745,0.865625
5,40,0.39656476154923437,0.9
5,50,0.3803941413760185,0.8875
5,60,0.36792822629213334,0.88125
5,70,0.34695735275745393,0.90625
5,80,0.3632337152957916,0.884375
5,90,0.36708464175462724,0.903125
5,100,0.34476498514413834,0.909375
5,110,0.38303457498550414,0.875
5,120,0.4112431675195694,0.896875
5,130,0.38994908034801484,0.884375
5,140,0.2842218644917011,0.90625
5,150,0.38138275146484374,0.88125
5,160,0.35020397007465365,0.88125
5,170,0.39660361111164094,0.890625
5,180,0.37351558804512025,0.9
5,190,0.43877384066581726,0.865625
5,200,0.427419413626194,0.88125
5,210,0.4241979271173477,0.853125
5,220,0.26291056647896766,0.925
5,230,0.4391780734062195,0.865625
5,240,0.3893922820687294,0.8875
5,250,0.41113214045763014,0.846875
5,260,0.3352187231183052,0.903125
5,270,0.3412607409060001,0.89375
5,280,0.34966793954372405,0.89375
5,290,0.345286226272583,0.875
5,300,0.48351266980171204,0.846875
6,10,0.3033604517579079,0.896875
6,20,0.33486794531345365,0.8875
6,30,0.32046896517276763,0.89375
6,40,0.3639178693294525,0.89375
6,50,0.2714674428105354,0.909375
6,60,0.3580843463540077,0.890625
6,70,0.3477718621492386,0.90625
6,80,0.32996474727988245,0.9
6,90,0.44742403328418734,0.871875
6,100,0.443016454577446,0.853125
6,110,0.3773248255252838,0.878125
6,120,0.39321382641792296,0.85625
6,130,0.4122734159231186,0.884375
6,140,0.3700692966580391,0.859375
6,150,0.2763566717505455,0.921875
6,160,0.44344184547662735,0.859375
6,170,0.41408115476369856,0.86875
6,180,0.40824744403362273,0.8875
6,190,0.3674925550818443,0.884375
6,200,0.2882947206497192,0.909375
6,210,0.42979673147201536,0.859375
6,220,0.3283771127462387,0.9
6,230,0.31384735703468325,0.903125
6,240,0.3981028750538826,0.859375
6,250,0.3352406457066536,0.878125
6,260,0.36962942183017733,0.878125
6,270,0.31041591614484787,0.903125
6,280,0.33312585204839706,0.896875
6,290,0.4270184949040413,0.859375
6,300,0.4317855522036552,0.84375
7,10,0.29391962885856626,0.9125
7,20,0.2610390692949295,0.925
7,30,0.26388988867402075,0.91875
7,40,0.33692170679569244,0.9
7,50,0.44317376613616943,0.859375
7,60,0.34753808528184893,0.884375
7,70,0.33686589598655703,0.890625
7,80,0.3248375877737999,0.915625
7,90,0.35664200633764265,0.903125
7,100,0.33093507327139376,0.909375
7,110,0.29491046220064165,0.90625
7,120,0.3796923026442528,0.8875
7,130,0.37109955549240115,0.88125
7,140,0.33457711040973664,0.896875
7,150,0.38271850943565366,0.878125
7,160,0.336041459441185,0.8875
7,170,0.3948209881782532,0.884375
7,180,0.30403331518173216,0.896875
7,190,0.3753203898668289,0.89375
7,200,0.29908781349658964,0.896875
7,210,0.3122062921524048,0.9125
7,220,0.34715610444545747,0.903125
7,230,0.25395297929644584,0.928125
7,240,0.29349176585674286,0.896875
7,250,0.370925135910511,0.8875
7,260,0.33554265797138216,0.89375
7,270,0.3806003361940384,0.865625
7,280,0.3421321451663971,0.890625
7,290,0.35202041268348694,0.9
7,300,0.33284777253866193,0.878125
8,10,0.3111876159906387,0.8875
8,20,0.28690303266048434,0.89375
8,30,0.2370189167559147,0.934375
8,40,0.23111600950360298,0.93125
8,50,0.291671834141016,0.921875
8,60,0.2668386697769165,0.90625
8,70,0.27892740704119207,0.896875
8,80,0.3401790544390678,0.890625
8,90,0.23843151107430458,0.921875
8,100,0.25779797285795214,0.91875
8,110,0.34698476195335387,0.8875
8,120,0.30122595876455305,0.9
8,130,0.2554226279258728,0.9125
8,140,0.37818700820207596,0.884375
8,150,0.2979878827929497,0.90625
8,160,0.2537859588861465,0.91875
8,170,0.3232169166207314,0.8875
8,180,0.41428741067647934,0.859375
8,190,0.3203008398413658,0.909375
8,200,0.38086770921945573,0.890625
8,210,0.2794700630009174,0.925
8,220,0.2888547867536545,0.9
8,230,0.35530886575579645,0.884375
8,240,0.27016264721751215,0.921875
8,250,0.37153505384922025,0.878125
8,260,0.3157367713749409,0.909375
8,270,0.28874306082725526,0.90625
8,280,0.3486975312232971,0.8875
8,290,0.27512877285480497,0.903125
8,300,0.31003608629107476,0.890625
9,10,0.3019127130508423,0.903125
9,20,0.21141149550676347,0.934375
9,30,0.2916347190737724,0.909375
9,40,0.24676462709903718,0.91875
9,50,0.2519927673041821,0.9125
9,60,0.30493577718734743,0.9
9,70,0.1620606653392315,0.953125
9,80,0.24587625116109849,0.921875
9,90,0.27880867272615434,0.9
9,100,0.2368929237127304,0.925
9,110,0.22660284712910653,0.91875
9,120,0.26221146434545517,0.921875
9,130,0.2839278630912304,0.90625
9,140,0.23877684623003007,0.9125
9,150,0.2547088243067265,0.91875
9,160,0.29200541228055954,0.9
9,170,0.35710979253053665,0.88125
9,180,0.28816440626978873,0.90625
9,190,0.2445375218987465,0.915625
9,200,0.2757185369729996,0.909375
9,210,0.2769524246454239,0.896875
9,220,0.3028524726629257,0.890625
9,230,0.279460483789444,0.903125
9,240,0.2280503809452057,0.928125
9,250,0.3039444126188755,0.9
9,260,0.31262285709381105,0.90625
9,270,0.3087755784392357,0.896875
9,280,0.255481968075037,0.915625
9,290,0.3298486165702343,0.890625
9,300,0.3138697177171707,0.896875
10,10,0.24176902174949647,0.93125
10,20,0.2737814366817474,0.896875
10,30,0.15781786367297174,0.953125
10,40,0.24157756567001343,0.90625
10,50,0.2543108515441418,0.921875
10,60,0.28557910323143004,0.90625
10,70,0.22919735983014106,0.928125
10,80,0.19137400835752488,0.928125
10,90,0.27742375880479814,0.915625
10,100,0.2696876645088196,0.90625
10,110,0.29594594389200213,0.903125
10,120,0.266083362698555,0.921875
10,130,0.2560270495712757,0.90625
10,140,0.20404534339904784,0.915625
10,150,0.35820230692625044,0.884375
10,160,0.21634976714849471,0.925
10,170,0.2624600179493427,0.909375
10,180,0.2999282941222191,0.896875
10,190,0.20894832164049149,0.91875
10,200,0.29910116344690324,0.903125
10,210,0.29154362455010413,0.89375
10,220,0.30640077739953997,0.9
10,230,0.23366424590349197,0.928125
10,240,0.23973953425884248,0.921875
10,250,0.21986481174826622,0.9375
10,260,0.22034329026937485,0.91875
10,270,0.3182410791516304,0.890625
10,280,0.3186297968029976,0.890625
10,290,0.3400715827941895,0.865625
10,300,0.26220747381448745,0.896875
11,10,0.15655255913734437,0.94375
11,20,0.19634756743907927,0.91875
11,30,0.2057271793484688,0.93125
11,40,0.1796505931764841,0.93125
11,50,0.23503460958600045,0.925
11,60,0.22347576096653937,0.909375
11,70,0.24791728369891644,0.925
11,80,0.22920646965503694,0.921875
11,90,0.2859205655753613,0.915625
11,100,0.29140082113444804,0.921875
11,110,0.21998843885958194,0.921875
11,120,0.21873875558376313,0.91875
11,130,0.17697126157581805,0.940625
11,140,0.28058626838028433,0.9125
11,150,0.2255269169807434,0.928125
11,160,0.2699476025998592,0.909375
11,170,0.28333086520433426,0.90625
11,180,0.2857231169939041,0.903125
11,190,0.23524032905697823,0.928125
11,200,0.3030180312693119,0.903125
11,210,0.2903471186757088,0.903125
11,220,0.20500191077589988,0.93125
11,230,0.3043742224574089,0.89375
11,240,0.2704543024301529,0.9125
11,250,0.25997587367892266,0.915625
11,260,0.2062761589884758,0.928125
11,270,0.29959300309419634,0.9
11,280,0.22587501853704453,0.93125
11,290,0.2669501736760139,0.915625
11,300,0.24587414413690567,0.91875
12,10,0.25236678794026374,0.921875
12,20,0.20556887686252595,0.93125
12,30,0.20122348815202712,0.946875
12,40,0.16932442262768746,0.934375
12,50,0.20034980401396751,0.934375
12,60,0.27926348745822904,0.909375
12,70,0.2052382104098797,0.928125
12,80,0.23777457028627397,0.9125
12,90,0.19708895385265351,0.9375
12,100,0.2101210169494152,0.93125
12,110,0.22187366038560868,0.925
12,120,0.16249329783022404,0.9375
12,130,0.2657126605510712,0.915625
12,140,0.23068376183509826,0.93125
12,150,0.19192643836140633,0.9375
12,160,0.20636592358350753,0.93125
12,170,0.27335631996393206,0.91875
12,180,0.22628619968891145,0.9375
12,190,0.29946078956127165,0.8875
12,200,0.23838699609041214,0.91875
12,210,0.24759927541017532,0.915625
12,220,0.2803965851664543,0.90625
12,230,0.1988251507282257,0.93125
12,240,0.16372568160295486,0.946875
12,250,0.255426499992609,0.91875
12,260,0.23927251510322095,0.925
12,270,0.2529685851186514,0.91875
12,280,0.26417695805430413,0.925
12,290,0.19573273435235022,0.946875
12,300,0.20596134886145592,0.934375
13,10,0.19240128062665462,0.940625
13,20,0.1953265629708767,0.95625
13,30,0.20096894279122351,0.928125
13,40,0.1996115667745471,0.940625
13,50,0.21484580338001252,0.934375
13,60,0.18154738545417787,0.940625
13,70,0.2115352548658848,0.921875
13,80,0.20800627246499062,0.9375
13,90,0.12238475158810616,0.959375
13,100,0.21868518143892288,0.921875
13,110,0.22204271256923674,0.925
13,120,0.12908122912049294,0.959375
13,130,0.19433904029428958,0.93125
13,140,0.2144227609038353,0.928125
13,150,0.17231565415859224,0.94375
13,160,0.22967063561081885,0.9125
13,170,0.1595620449632406,0.953125
13,180,0.22447519078850747,0.934375
13,190,0.22970899939537048,0.909375
13,200,0.232660274207592,0.93125
13,210,0.15777994617819785,0.946875
13,220,0.26384516805410385,0.903125
13,230,0.18410246893763543,0.94375
13,240,0.25886739417910576,0.903125
13,250,0.30250689908862116,0.896875
13,260,0.2622081235051155,0.9375
13,270,0.20425559096038343,0.93125
13,280,0.20814805291593075,0.93125
13,290,0.21280542016029358,0.934375
13,300,0.3326725512742996,0.909375
14,10,0.19140794090926647,0.925
14,20,0.187316632270813,0.9375
14,30,0.24087108299136162,0.928125
14,40,0.21546759754419326,0.921875
14,50,0.17169712856411934,0.946875
14,60,0.15382999442517759,0.95625
14,70,0.1851921359077096,0.940625
14,80,0.17741404324769974,0.93125
14,90,0.2371899016201496,0.925
14,100,0.27041394263505936,0.91875
14,110,0.23416841626167298,0.90625
14,120,0.22566842921078206,0.925
14,130,0.2255933027714491,0.93125
14,140,0.16982295736670494,0.95
14,150,0.17908017188310624,0.946875
14,160,0.15384710840880872,0.9375
14,170,0.16907367799431086,0.95
14,180,0.21012310981750487,0.91875
14,190,0.18291934877634047,0.93125
14,200,0.1987331137061119,0.915625
14,210,0.14401105269789696,0.965625
14,220,0.1485213741660118,0.959375
14,230,0.1921060223132372,0.9375
14,240,0.21228406503796576,0.946875
14,250,0.1961209461092949,0.934375
14,260,0.19241978339850901,0.934375
14,270,0.1315267365425825,0.946875
14,280,0.22083550691604614,0.934375
14,290,0.2232588203623891,0.928125
14,300,0.2341833971440792,0.925
15,10,0.16317302212119103,0.946875
15,20,0.1992682982236147,0.9375
15,30,0.1427120067179203,0.953125
15,40,0.1552397593855858,0.95
15,50,0.11003265781328082,0.959375
15,60,0.17652489021420478,0.93125
15,70,0.14902428947389126,0.95625
15,80,0.1778497263789177,0.925
15,90,0.21258330792188646,0.928125
15,100,0.16935572065413,0.94375
15,110,0.20901652313768865,0.928125
15,120,0.14625723399221896,0.95625
15,130,0.25472948104143145,0.921875
15,140,0.11690293326973915,0.9625
15,150,0.23438071087002754,0.903125
15,160,0.17486000135540963,0.9375
15,170,0.21034971326589585,0.928125
15,180,0.20359248109161854,0.93125
15,190,0.2048856236040592,0.934375
15,200,0.21594496965408325,0.928125
15,210,0.2085511714220047,0.91875
15,220,0.2111339308321476,0.915625
15,230,0.28693380802869795,0.9
15,240,0.21735335141420364,0.93125
15,250,0.21907229945063592,0.91875
15,260,0.292326857149601,0.9
15,270,0.2463906817138195,0.9125
15,280,0.17559887021780013,0.95
15,290,0.2235398016870022,0.928125
15,300,0.23284913897514342,0.928125
16,10,0.22512574791908263,0.9125
16,20,0.18790124505758285,0.940625
16,30,0.16856130659580232,0.953125
16,40,0.17047011367976667,0.928125
16,50,0.28464981690049174,0.896875
16,60,0.16343450546264648,0.9375
16,70,0.1369280733168125,0.959375
16,80,0.1996409624814987,0.9375
16,90,0.16916368678212165,0.9375
16,100,0.12386476770043373,0.953125
16,110,0.2145352065563202,0.925
16,120,0.1678009770810604,0.95625
16,130,0.11717414148151875,0.965625
16,140,0.15519884824752808,0.9375
16,150,0.16277820393443107,0.946875
16,160,0.18255104310810566,0.93125
16,170,0.16394208017736672,0.959375
16,180,0.1251098606735468,0.94375
16,190,0.16605124920606612,0.94375
16,200,0.16338686123490334,0.940625
16,210,0.18802659809589387,0.94375
16,220,0.16199748422950505,0.95625
16,230,0.25170561522245405,0.884375
16,240,0.24033520072698594,0.921875
16,250,0.19411847814917566,0.9375
16,260,0.21960186436772347,0.925
16,270,0.17397935837507247,0.93125
16,280,0.24037448391318322,0.9125
16,290,0.20237296298146248,0.9125
16,300,0.20656899064779283,0.93125
17,10,0.17562007904052734,0.928125
17,20,0.12331120008602739,0.953125
17,30,0.15893389005213976,0.965625
17,40,0.1222960565239191,0.953125
17,50,0.10654219835996628,0.95
17,60,0.12410780340433121,0.94375
17,70,0.15400926098227502,0.94375
17,80,0.13265029564499856,0.94375
17,90,0.1443463761359453,0.953125
17,100,0.14392708241939545,0.94375
17,110,0.16835356652736663,0.9375
17,120,0.1412576038390398,0.946875
17,130,0.15078372955322267,0.9625
17,140,0.18835091441869736,0.921875
17,150,0.15506720468401908,0.95625
17,160,0.1192509824410081,0.959375
17,170,0.16994539834558964,0.946875
17,180,0.1878779787570238,0.928125
17,190,0.20245683193206787,0.934375
17,200,0.19836018569767475,0.940625
17,210,0.12136918716132641,0.96875
17,220,0.23173485472798347,0.921875
17,230,0.17165782526135445,0.928125
17,240,0.1790329184383154,0.9375
17,250,0.17849533036351203,0.934375
17,260,0.15803022682666779,0.940625
17,270,0.24122516438364983,0.91875
17,280,0.11583919934928417,0.965625
17,290,0.16996989026665688,0.94375
17,300,0.19056523963809013,0.934375
18,10,0.14677001684904098,0.953125
18,20,0.12969655320048332,0.94375
18,30,0.1776501815766096,0.946875
18,40,0.17195828557014464,0.946875
18,50,0.12212149724364281,0.959375
18,60,0.13032377529889344,0.95
18,70,0.16282521709799766,0.940625
18,80,0.16710708439350128,0.953125
18,90,0.10000194795429707,0.959375
18,100,0.14885039180517196,0.95
18,110,0.15965464301407337,0.946875
18,120,0.15699380524456502,0.940625
18,130,0.1773512154817581,0.9375
18,140,0.17162269577383996,0.95
18,150,0.16509377658367158,0.953125
18,160,0.18720724582672119,0.940625
18,170,0.16524353213608264,0.953125
18,180,0.17967726662755013,0.94375
18,190,0.1407297071069479,0.95625
18,200,0.16625726576894523,0.953125
18,210,0.1785020999610424,0.93125
18,220,0.21980710998177527,0.928125
18,230,0.19262170903384684,0.9375
18,240,0.19714072495698928,0.940625
18,250,0.2472916193306446,0.903125
18,260,0.22478740364313127,0.925
18,270,0.19161879792809486,0.925
18,280,0.17870847433805465,0.940625
18,290,0.17517714221030473,0.9375
18,300,0.1850922226905823,0.925
19,10,0.14169395603239537,0.946875
19,20,0.1427563365548849,0.95
19,30,0.12249949648976326,0.95625
19,40,0.12972409166395665,0.953125
19,50,0.1313260231167078,0.940625
19,60,0.18552508503198623,0.934375
19,70,0.16593704521656036,0.95625
19,80,0.1125386394560337,0.9625
19,90,0.11892146300524473,0.9625
19,100,0.1530778594315052,0.928125
19,110,0.11456767953932286,0.9625
19,120,0.1313341610133648,0.94375
19,130,0.1618793446570635,0.94375
19,140,0.2216189347207546,0.909375
19,150,0.13318178467452527,0.953125
19,160,0.15189529508352279,0.94375
19,170,0.15400101989507675,0.940625
19,180,0.1433585226535797,0.953125
19,190,0.21010817158967257,0.934375
19,200,0.18941609989851713,0.946875
19,210,0.17393601909279824,0.946875
19,220,0.16804746985435487,0.946875
19,230,0.18368198052048684,0.925
19,240,0.16953943856060505,0.940625
19,250,0.18213831279426812,0.928125
19,260,0.1702065248042345,0.940625
19,270,0.14380836561322213,0.95625
19,280,0.16331569626927375,0.94375
19,290,0.1848000667989254,0.934375
19,300,0.15353490374982356,0.9375
20,10,0.13373429160565137,0.95
20,20,0.12202624212950468,0.965625
20,30,0.1199832759797573,0.965625
20,40,0.11940252147614956,0.953125
20,50,0.10744475722312927,0.959375
20,60,0.14169642347842454,0.9625
20,70,0.13378999345004558,0.953125
20,80,0.14213847909122707,0.940625
20,90,0.15665460117161273,0.940625
20,100,0.12673959396779538,0.959375
20,110,0.1433102966286242,0.953125
20,120,0.10812112558633089,0.96875
20,130,0.1444234997034073,0.9375
20,140,0.10120435059070587,0.971875
20,150,0.14100873544812204,0.95625
20,160,0.15567719480022787,0.95625
20,170,0.1524346236139536,0.946875
20,180,0.12631541565060617,0.95625
20,190,0.17754763178527355,0.940625
20,200,0.14575863908976316,0.934375
20,210,0.1474151574075222,0.9375
20,220,0.14406575514003633,0.959375
20,230,0.15939573310315608,0.934375
20,240,0.14745231047272683,0.946875
20,250,0.14883047826588153,0.94375
20,260,0.22508264258503913,0.91875
20,270,0.1174888126552105,0.965625
20,280,0.16390061005949974,0.940625
20,290,0.21617871150374413,0.934375
20,300,0.11816560178995132,0.95625
21,10,0.14172940999269484,0.946875
21,20,0.11108155101537705,0.971875
21,30,0.14987989887595177,0.95
21,40,0.11080634836107492,0.9625
21,50,0.11308973431587219,0.9625
21,60,0.1384675305336714,0.953125
21,70,0.08042414961382746,0.96875
21,80,0.13051250874996184,0.946875
21,90,0.12269495353102684,0.95625
21,100,0.10541908089071512,0.975
21,110,0.0960059680044651,0.96875
21,120,0.12429399844259023,0.959375
21,130,0.12760343234986066,0.959375
21,140,0.16171917840838432,0.934375
21,150,0.1233997143805027,0.946875
21,160,0.13255780041217805,0.95
21,170,0.13725095875561238,0.94375
21,180,0.15166158974170685,0.94375
21,190,0.13032571449875832,0.940625
21,200,0.11740921027958393,0.95625
21,210,0.16031622886657715,0.940625
21,220,0.1803708579391241,0.946875
21,230,0.20369663536548616,0.9375
21,240,0.1400097008794546,0.959375
21,250,0.16681193821132184,0.95
21,260,0.12959185168147086,0.95625
21,270,0.21999552212655543,0.93125
21,280,0.1965654395520687,0.93125
21,290,0.1503609847277403,0.94375
21,300,0.14626518823206425,0.953125
22,10,0.15662127509713172,0.946875
22,20,0.17921488359570503,0.95
22,30,0.1737830936908722,0.940625
22,40,0.10848757848143578,0.95625
22,50,0.15176549404859543,0.95
22,60,0.1315621744841337,0.953125
22,70,0.17003483213484288,0.940625
22,80,0.12805184498429298,0.953125
22,90,0.07510783039033413,0.98125
22,100,0.1255086872726679,0.95625
22,110,0.1024134948849678,0.959375
22,120,0.16672578882426023,0.9375
22,130,0.1233101099729538,0.95625
22,140,0.10590800456702709,0.95
22,150,0.12826907858252526,0.95
22,160,0.11252483613789081,0.959375
22,170,0.09720408255234361,0.95625
22,180,0.09309699423611165,0.96875
22,190,0.10080334395170212,0.959375
22,200,0.19191681798547505,0.94375
22,210,0.12487351670861244,0.953125
22,220,0.11261701844632625,0.959375
22,230,0.17464321814477443,0.94375
22,240,0.13972133453935384,0.959375
22,250,0.14809425547719002,0.953125
22,260,0.14412486217916012,0.95625
22,270,0.11442705225199461,0.965625
22,280,0.15346302576363086,0.95
22,290,0.10006784424185752,0.96875
22,300,0.12830341719090937,0.95
23,10,0.11830014307051898,0.953125
23,20,0.10143111385405064,0.965625
23,30,0.1710339229553938,0.9375
23,40,0.1369216378778219,0.95
23,50,0.09584585279226303,0.9625
23,60,0.09552189651876689,0.965625
23,70,0.11860245931893587,0.971875
23,80,0.11137573383748531,0.95625
23,90,0.11677974816411733,0.96875
23,100,0.15523944459855557,0.94375
23,110,0.1508479124866426,0.95625
23,120,0.155918631516397,0.94375
23,130,0.11980330720543861,0.965625
23,140,0.1181707490235567,0.96875
23,150,0.11987990848720073,0.9625
23,160,0.12715008296072483,0.953125
23,170,0.08935052785091102,0.978125
23,180,0.09671317413449287,0.96875
23,190,0.10950116673484445,0.95
23,200,0.12528155446052552,0.9625
23,210,0.11005664821714163,0.95625
23,220,0.13773943707346917,0.95
23,230,0.10673827901482583,0.95625
23,240,0.14299025759100914,0.95625
23,250,0.10164531506597996,0.959375
23,260,0.14042397886514663,0.953125
23,270,0.15549073182046413,0.94375
23,280,0.11569656319916248,0.96875
23,290,0.16076082326471805,0.940625
23,300,0.18020933941006662,0.9375
24,10,0.1415514674037695,0.940625
24,20,0.11352160312235356,0.959375
24,30,0.17127946615219117,0.95
24,40,0.1397161465138197,0.95
24,50,0.13266721609979867,0.953125
24,60,0.08125303834676742,0.96875
24,70,0.18696864247322081,0.94375
24,80,0.14510904364287852,0.953125
24,90,0.1144691439345479,0.95625
24,100,0.13512095510959626,0.953125
24,110,0.07959683639928698,0.975
24,120,0.10626894542947411,0.953125
24,130,0.13588918019086121,0.953125
24,140,0.15314658023416997,0.9375
24,150,0.129206907376647,0.94375
24,160,0.16860346402972937,0.94375
24,170,0.06030160505324602,0.984375
24,180,0.15341002605855464,0.95
24,190,0.12722891541197895,0.953125
24,200,0.090842261351645,0.96875
24,210,0.11005764976143836,0.95
24,220,0.12935993894934655,0.95
24,230,0.11374347973614932,0.965625
24,240,0.17922291345894337,0.9375
24,250,0.1551451675593853,0.953125
24,260,0.11909118220210076,0.95
24,270,0.11662974515929818,0.95625
24,280,0.18930498845875263,0.940625
24,290,0.09244818193838,0.971875
24,300,0.112437754124403,0.959375
25,10,0.1300610926002264,0.95625
25,20,0.10109394751489162,0.95625
25,30,0.07383004277944565,0.96875
25,40,0.11826608274132014,0.965625
25,50,0.11547315940260887,0.9625
25,60,0.07527336701750756,0.978125
25,70,0.12397686727344989,0.95
25,80,0.0877780169248581,0.971875
25,90,0.10243444237858057,0.959375
25,100,0.13317003790289164,0.94375
25,110,0.09443917144089937,0.975
25,120,0.09950018785893917,0.965625
25,130,0.0850912168622017,0.971875
25,140,0.10844204761087894,0.946875
25,150,0.15515421461313963,0.946875
25,160,0.15312432032078505,0.946875
25,170,0.1219068894162774,0.9625
25,180,0.26128577888011933,0.91875
25,190,0.12164689116179943,0.965625
25,200,0.1733760841190815,0.934375
25,210,0.12098131068050862,0.94375
25,220,0.1642900038510561,0.94375
25,230,0.11540277004241943,0.946875
25,240,0.11981438770890236,0.9625
25,250,0.1645690407603979,0.93125
25,260,0.13399163000285624,0.95
25,270,0.10562621746212245,0.975
25,280,0.1189618356525898,0.95
25,290,0.11654847320169211,0.9625
25,300,0.10854765968397259,0.953125
26,10,0.09001392843201757,0.971875
26,20,0.07028130665421486,0.98125
26,30,0.09083078065887093,0.975
26,40,0.12678942158818246,0.946875
26,50,0.10989422397688031,0.9625
26,60,0.0783586568199098,0.965625
26,70,0.10725369928404689,0.9625
26,80,0.08909997772425413,0.96875
26,90,0.10599521584808827,0.959375
26,100,0.10230090245604515,0.9625
26,110,0.12162717804312706,0.946875
26,120,0.10648274011909961,0.965625
26,130,0.10807126853615046,0.959375
26,140,0.0786876454949379,0.96875
26,150,0.15099145323038102,0.953125
26,160,0.08866538349539041,0.96875
26,170,0.13024224918335675,0.95625
26,180,0.10511545613408088,0.9625
26,190,0.12603474794887007,0.95625
26,200,0.18598972000181674,0.9375
26,210,0.086586900241673,0.96875
26,220,0.11829450316727161,0.959375
26,230,0.11947192717343569,0.965625
26,240,0.11714253164827823,0.959375
26,250,0.09273023270070553,0.971875
26,260,0.07336986400187015,0.978125
26,270,0.1690564528107643,0.934375
26,280,0.09529780820012093,0.96875
26,290,0.08022983018308878,0.975
26,300,0.12783660888671874,0.959375
27,10,0.1008091490715742,0.9625
27,20,0.13317222828045489,0.95625
27,30,0.08471643459051847,0.978125
27,40,0.08528848150745034,0.975
27,50,0.13652216959744692,0.959375
27,60,0.1571919398382306,0.94375
27,70,0.12316583171486854,0.953125
27,80,0.07984893014654518,0.96875
27,90,0.09074214156717061,0.978125
27,100,0.1265575984492898,0.95625
27,110,0.11403284445405007,0.95625
27,120,0.10919769583269953,0.95625
27,130,0.09452155232429504,0.965625
27,140,0.0943566482514143,0.95
27,150,0.0800242522265762,0.978125
27,160,0.1256639774888754,0.9625
27,170,0.16633121501654385,0.934375
27,180,0.08247579205781222,0.96875
27,190,0.08876075651496648,0.975
27,200,0.12906936630606652,0.95
27,210,0.10662013804540038,0.95625
27,220,0.11246594926342368,0.95625
27,230,0.09632784258574248,0.975
27,240,0.12428588103502988,0.95
27,250,0.11223197244107723,0.95625
27,260,0.15368705485016107,0.946875
27,270,0.11962154395878315,0.9625
27,280,0.1484417125582695,0.95
27,290,0.12978552095592022,0.953125
27,300,0.0867529799696058,0.95
28,10,0.09270024513825774,0.975
28,20,0.06306377928704024,0.984375
28,30,0.13245342522859574,0.9625
28,40,0.06444534379988909,0.978125
28,50,0.10294351913034916,0.959375
28,60,0.1387899613007903,0.953125
28,70,0.07178502706810833,0.975
28,80,0.07995555251836776,0.98125
28,90,0.0698758415877819,0.96875
28,100,0.05042269476689398,0.98125
28,110,0.08265094393864274,0.975
28,120,0.07010822389274836,0.975
28,130,0.08610671535134315,0.959375
28,140,0.09178152866661549,0.965625
28,150,0.12072997447103262,0.95
28,160,0.11582277230918407,0.95625
28,170,0.12285996377468109,0.9625
28,180,0.13539996864274145,0.946875
28,190,0.11215464882552624,0.959375
28,200,0.11465535461902618,0.953125
28,210,0.08864038102328778,0.978125
28,220,0.10450414568185806,0.965625
28,230,0.09394797533750535,0.9625
28,240,0.11577649228274822,0.95625
28,250,0.1068172744475305,0.9625
28,260,0.14253037981688976,0.953125
28,270,0.07027184758335352,0.978125
28,280,0.07735790275037288,0.965625
28,290,0.1123689123429358,0.9625
28,300,0.0997900553047657,0.96875
29,10,0.06677250657230616,0.984375
29,20,0.07259462187066675,0.975
29,30,0.07365823956206441,0.96875
29,40,0.05081584444269538,0.98125
29,50,0.09309251978993416,0.971875
29,60,0.06788120791316032,0.96875
29,70,0.043432283028960225,0.98125
29,80,0.049094890058040616,0.9875
29,90,0.08009169101715088,0.975
29,100,0.1139977446757257,0.959375
29,110,0.0976304407697171,0.965625
29,120,0.09388650949113071,0.971875
29,130,0.07736233323812484,0.984375
29,140,0.08189975377172232,0.978125
29,150,0.09288648469373584,0.965625
29,160,0.07400847282260656,0.978125
29,170,0.08997025638818741,0.9625
29,180,0.10049168942496181,0.96875
29,190,0.08225787649862468,0.965625
29,200,0.08745397124439477,0.96875
29,210,0.10615847297012806,0.975
29,220,0.12755789309740068,0.959375
29,230,0.08055563513189554,0.978125
29,240,0.07760451603680849,0.971875
29,250,0.12158158365637065,0.946875
29,260,0.056071465462446214,0.978125
29,270,0.12879811469465494,0.959375
29,280,0.1282224758528173,0.965625
29,290,0.10055829267948865,0.9625
29,300,0.11603179797530175,0.95625
30,10,0.07085846364498138,0.978125
30,20,0.06262298468500375,0.98125
30,30,0.04275705711916089,0.984375
30,40,0.05203867359086871,0.98125
30,50,0.07361481394618749,0.978125
30,60,0.08250469714403152,0.98125
30,70,0.0868335198611021,0.9625
30,80,0.1065625749528408,0.965625
30,90,0.14335928652435542,0.95625
30,100,0.044232135615311564,0.990625
30,110,0.12095962893217801,0.96875
30,120,0.10555877024307847,0.95625
30,130,0.12880322630517185,0.95
30,140,0.11029288917779922,0.959375
30,150,0.0949562881141901,0.96875
30,160,0.10127100562676787,0.965625
30,170,0.14516885224729775,0.953125
30,180,0.1264895662665367,0.95625
30,190,0.1370265454053879,0.94375
30,200,0.10683524645864964,0.971875
30,210,0.16819469667971135,0.940625
30,220,0.1331161605194211,0.95
30,230,0.12450234219431877,0.953125
30,240,0.14036344811320306,0.946875
30,250,0.10745748728513718,0.95625
30,260,0.09856260446831584,0.953125
30,270,0.12600043304264547,0.9625
30,280,0.15729401344433427,0.95625
30,290,0.14400873463600875,0.95
30,300,0.10666423374786974,0.94375
31,10,0.1279564531520009,0.95
31,20,0.0971683032810688,0.96875
31,30,0.10300084389746189,0.9625
31,40,0.10377534944564104,0.9625
31,50,0.12385620297864079,0.9625
31,60,0.06296355593949557,0.971875
31,70,0.061087822448462246,0.978125
31,80,0.08720932360738516,0.98125
31,90,0.14911364521831275,0.95625
31,100,0.10046120546758175,0.96875
31,110,0.07693647192791105,0.96875
31,120,0.10504183089360594,0.965625
31,130,0.062175574945285916,0.975
31,140,0.11132545992732049,0.959375
31,150,0.10043559689074755,0.96875
31,160,0.07943023461848497,0.971875
31,170,0.07618157546967268,0.975
31,180,0.1150587897747755,0.946875
31,190,0.11785214953124523,0.953125
31,200,0.17132719289511442,0.953125
31,210,0.09648282788693904,0.965625
31,220,0.14171790927648545,0.946875
31,230,0.1691186536103487,0.934375
31,240,0.15342426672577858,0.959375
31,250,0.13536496814340354,0.95625
31,260,0.07497761584818363,0.975
31,270,0.11412223763763904,0.95625
31,280,0.12543463110923767,0.953125
31,290,0.13123194873332977,0.965625
31,300,0.11960340067744255,0.965625
32,10,0.057245954126119616,0.98125
32,20,0.06171689173206687,0.984375
32,30,0.08399991672486067,0.971875
32,40,0.06249037757515907,0.975
32,50,0.09740487858653069,0.971875
32,60,0.10111424028873443,0.9625
32,70,0.054174271784722804,0.975
32,80,0.08352186745032668,0.971875
32,90,0.060212949849665166,0.971875
32,100,0.09161353278905153,0.965625
32,110,0.06942245252430439,0.984375
32,120,0.06020282879471779,0.9875
32,130,0.092826531175524,0.971875
32,140,0.09382162149995565,0.96875
32,150,0.08376994291320443,0.975
32,160,0.07394222281873226,0.975
32,170,0.10037639755755663,0.96875
32,180,0.05582714024931192,0.984375
32,190,0.08177800811827182,0.96875
32,200,0.06041199686005712,0.975
32,210,0.11426366697996855,0.965625
32,220,0.11333535932935775,0.9625
32,230,0.09265517927706242,0.975
32,240,0.11055483520030976,0.959375
32,250,0.11121981563046575,0.9625
32,260,0.07951721358112991,0.984375
32,270,0.1123563040047884,0.9625
32,280,0.11349994149059058,0.959375
32,290,0.14794268775731326,0.953125
32,300,0.0831992518156767,0.9625
33,10,0.13133063800632955,0.940625
33,20,0.0609171561896801,0.975
33,30,0.11204158626496792,0.959375
33,40,0.0877600475680083,0.96875
33,50,0.08323862105607986,0.971875
33,60,0.08683137577027082,0.965625
33,70,0.11850321581587195,0.946875
33,80,0.08237136658281088,0.9625
33,90,0.10224672257900239,0.971875
33,100,0.07929815291427075,0.975
33,110,0.09331597173586488,0.96875
33,120,0.10399807412177324,0.959375
33,130,0.07653112653642893,0.975
33,140,0.061686130007728934,0.98125
33,150,0.1019658314064145,0.965625
33,160,0.03903272934257984,0.9875
33,170,0.10746379774063826,0.959375
33,180,0.07363693676888942,0.978125
33,190,0.10661632344126701,0.978125
33,200,0.059766041859984395,0.975
33,210,0.0498466863296926,0.984375
33,220,0.05958032542839646,0.978125
33,230,0.09037067475728691,0.96875
33,240,0.07435083687305451,0.971875
33,250,0.14476267397403716,0.94375
33,260,0.12850853046402336,0.959375
33,270,0.08878486314788461,0.971875
33,280,0.10437810318544508,0.9625
33,290,0.09602248445153236,0.965625
33,300,0.13813680335879325,0.934375
34,10,0.07313400134444237,0.971875
34,20,0.20817418145015837,0.928125
34,30,0.12941939160227775,0.953125
34,40,0.10106446715071797,0.953125
34,50,0.1441335590556264,0.95
34,60,0.139565284922719,0.95625
34,70,0.11735221287235617,0.95625
34,80,0.09427804867736995,0.9625
34,90,0.06491968100890518,0.98125
34,100,0.06936518396250904,0.971875
34,110,0.04818649180233479,0.9875
34,120,0.10870284605771303,0.965625
34,130,0.0735704630613327,0.96875
34,140,0.07327112099155783,0.98125
34,150,0.08436054673511535,0.975
34,160,0.09395756181329488,0.965625
34,170,0.09999347068369388,0.9625
34,180,0.07221733652986587,0.965625
34,190,0.13251229841262102,0.95
34,200,0.08764724405482412,0.9625
34,210,0.12472702790983022,0.96875
34,220,0.07092968635261059,0.975
34,230,0.10523815210908652,0.965625
34,240,0.10176144000142813,0.9625
34,250,0.06229760013520717,0.978125
34,260,0.09358657281845809,0.9625
34,270,0.07166416496038437,0.96875
34,280,0.13161396887153387,0.953125
34,290,0.08202898753806949,0.971875
34,300,0.06312564797699452,0.96875
35,10,0.10653870906680822,0.96875
35,20,0.045446589775383475,0.984375
35,30,0.0942675044760108,0.978125
35,40,0.03486983738839626,0.99375
35,50,0.08069451325573027,0.978125
35,60,0.057767489738762376,0.975
35,70,0.11415635726880283,0.959375
35,80,0.07920952029526233,0.975
35,90,0.059396962099708614,0.98125
35,100,0.0918705254793167,0.96875
35,110,0.07172135231085122,0.971875
35,120,0.11492657773196698,0.965625
35,130,0.1262323188595474,0.946875
35,140,0.10496068596839905,0.95625
35,150,0.06124525833874941,0.9875
35,160,0.0906133808195591,0.96875
35,170,0.04949159137904644,0.984375
35,180,0.1182119071483612,0.975
35,190,0.05663325553759933,0.978125
35,200,0.11190423024818301,0.965625
35,210,0.07150057349354029,0.971875
35,220,0.11407612729817629,0.94375
35,230,0.11860867924988269,0.95625
35,240,0.10294875130057335,0.959375
35,250,0.06832694336771965,0.978125
35,260,0.06557824537158012,0.971875
35,270,0.11691913604736329,0.96875
35,280,0.06482231901027262,0.96875
35,290,0.11368406899273395,0.96875
35,300,0.0723939736140892,0.96875
36,10,0.09016096703708172,0.975
36,20,0.08930233512073756,0.96875
36,30,0.10220925267785788,0.96875
36,40,0.08253776654601097,0.96875
36,50,0.03446898986585438,0.99375
36,60,0.08802988398820162,0.965625
36,70,0.05763884447515011,0.978125
36,80,0.08289231453090906,0.971875
36,90,0.13833533376455306,0.959375
36,100,0.08810578165575862,0.975
36,110,0.1105646793730557,0.959375
36,120,0.11829931624233722,0.959375
36,130,0.12973258420825004,0.95625
36,140,0.11577676087617875,0.96875
36,150,0.09393739812076092,0.96875
36,160,0.11155894817784429,0.95625
36,170,0.08949944796040654,0.953125
36,180,0.10316709196195006,0.965625
36,190,0.05511533645913005,0.984375
36,200,0.06961673684418201,0.971875
36,210,0.14052174817770718,0.95
36,220,0.09901484539732337,0.971875
36,230,0.11821776423603296,0.95
36,240,0.0767959919758141,0.96875
36,250,0.09854090353474021,0.959375
36,260,0.1337109104730189,0.94375
36,270,0.1334389042109251,0.95625
36,280,0.08418050920590758,0.96875
36,290,0.06929694609716534,0.984375
36,300,0.06879653320647776,0.984375
37,10,0.06916360389441252,0.971875
37,20,0.06590068889781833,0.978125
37,30,0.07343754863832146,0.98125
37,40,0.06335983430035412,0.98125
37,50,0.10549182910472155,0.965625
37,60,0.09634473789483308,0.96875
37,70,0.1343132110312581,0.95
37,80,0.07289573960006238,0.978125
37,90,0.12053271681070328,0.95625
37,100,0.06185524389147758,0.984375
37,110,0.14157093837857246,0.953125
37,120,0.11533056031912566,0.96875
37,130,0.05142752220854163,0.984375
37,140,0.07256710957735776,0.975
37,150,0.04241934036836028,0.990625
37,160,0.11462512235157192,0.953125
37,170,0.12015956249088049,0.9625
37,180,0.18073099069297313,0.953125
37,190,0.1187700679525733,0.959375
37,200,0.09807704752311111,0.953125
37,210,0.1010824829339981,0.965625
37,220,0.08283260101452469,0.975
37,230,0.0911992596462369,0.96875
37,240,0.06443986520171166,0.98125
37,250,0.047719965176656845,0.9875
37,260,0.07645103633403778,0.971875
37,270,0.05472329314798117,0.978125
37,280,0.05030439379625022,0.990625
37,290,0.05818246982526034,0.975
37,300,0.04367346229264513,0.9875
38,10,0.05641627328004688,0.984375
38,20,0.11072497759014369,0.96875
38,30,0.06029769890010357,0.975
38,40,0.02990730688907206,0.990625
38,50,0.06900393832474946,0.975
38,60,0.02818306421395391,0.9875
38,70,0.06657959609292448,0.971875
38,80,0.053152887336909774,0.984375
38,90,0.06953858258202672,0.975
38,100,0.018935919227078556,0.99375
38,110,0.08982849405147135,0.96875
38,120,0.08409449993632734,0.975
38,130,0.10100693879649043,0.975
38,140,0.060419019870460035,0.98125
38,150,0.04671467412263155,0.98125
38,160,0.050465108919888736,0.9875
38,170,0.0928577022626996,0.96875
38,180,0.06864148993045091,0.98125
38,190,0.057874223170802,0.984375
38,200,0.07996287350542844,0.96875
38,210,0.09224939462728798,0.971875
38,220,0.04821394374594092,0.9875
38,230,0.08373914435505866,0.975
38,240,0.083615130931139,0.965625
38,250,0.10895545370876789,0.965625
38,260,0.09530517254024744,0.9625
38,270,0.06019253907725215,0.978125
38,280,0.09906551018357276,0.96875
38,290,0.07850809455849231,0.975
38,300,0.10811722746584565,0.9625
39,10,0.047601850656792524,0.984375
39,20,0.06528491117060184,0.971875
39,30,0.04845524821430445,0.984375
39,40,0.0352667664992623,0.984375
39,50,0.062058312352746725,0.98125
39,60,0.056769505701959135,0.984375
39,70,0.04346754718571901,0.990625
39,80,0.07896583750844002,0.965625
39,90,0.09484263844788074,0.96875
39,100,0.09099156383890658,0.96875
39,110,0.09534122049808502,0.9625
39,120,0.10746647417545319,0.95
39,130,0.12719118064269425,0.95625
39,140,0.10358240939676762,0.95
39,150,0.10572464866563677,0.96875
39,160,0.06631922945380211,0.98125
39,170,0.07349546705372631,0.975
39,180,0.05859454032033682,0.975
39,190,0.07054952140897512,0.978125
39,200,0.04494542349129915,0.98125
39,210,0.08592825001105667,0.978125
39,220,0.06363174170255662,0.975
39,230,0.07938033286482096,0.971875
39,240,0.11666637156158685,0.984375
39,250,0.07904131752438844,0.978125
39,260,0.06312682004645467,0.984375
39,270,0.05555502255447209,0.98125
39,280,0.08638154286891223,0.9625
39,290,0.06650091239716857,0.975
39,300,0.0746489642187953,0.96875
40,10,0.04105955567210913,0.990625
40,20,0.05895565885584801,0.98125
40,30,0.048442118935054165,0.984375
40,40,0.06750127598643303,0.975
40,50,0.040526771312579514,0.98125
40,60,0.061321818036958575,0.978125
40,70,0.03631497323513031,0.9875
40,80,0.0513700382784009,0.984375
40,90,0.05548555394634604,0.984375
40,100,0.04469485098961741,0.990625
40,110,0.08137932876124979,0.965625
40,120,0.03242763965390623,0.9875
40,130,0.09223893929738551,0.965625
40,140,0.04414048884063959,0.98125
40,150,0.046867120906244966,0.975
40,160,0.047218944714404645,0.98125
40,170,0.07744162306189536,0.96875
40,180,0.07727610776200891,0.978125
40,190,0.0623256460763514,0.96875
40,200,0.07508564461022615,0.9625
40,210,0.049139905045740305,0.9875
40,220,0.09978751656599343,0.971875
40,230,0.04332126611843705,0.98125
40,240,0.0415622990578413,0.98125
40,250,0.05009473965037614,0.984375
40,260,0.08799413400702179,0.978125
40,270,0.05874494656454772,0.978125
40,280,0.08199065260123461,0.971875
40,290,0.10077527761459351,0.959375
40,300,0.08955559553578496,0.9625
41,10,0.0563572546467185,0.98125
41,20,0.1501157633960247,0.946875
41,30,0.04704860863275826,0.9875
41,40,0.07138168034143746,0.971875
41,50,0.10555944452062249,0.9625
41,60,0.0718258872628212,0.98125
41,70,0.10027891993522645,0.975
41,80,0.08398376749828458,0.971875
41,90,0.045171370217576626,0.9875
41,100,0.03914007316343486,0.984375
41,110,0.03759994665160775,0.984375
41,120,0.07991124093532562,0.971875
41,130,0.07724689487367868,0.98125
41,140,0.08184405649080873,0.965625
41,150,0.042840360943228004,0.984375
41,160,0.0907889399677515,0.9625
41,170,0.04319008127786219,0.978125
41,180,0.05997860692441463,0.984375
41,190,0.03351091621443629,0.9875
41,200,0.09298584703356028,0.975
41,210,0.07828556383028626,0.971875
41,220,0.072146007232368,0.965625
41,230,0.03301497825887054,0.99375
41,240,0.06615407736971975,0.98125
41,250,0.04290330964140594,0.98125
41,260,0.07520289905369282,0.984375
41,270,0.0452227994101122,0.984375
41,280,0.06313631469383836,0.971875
41,290,0.07329423315823078,0.984375
41,300,0.11989523032680154,0.953125
42,10,0.05716532219666988,0.98125
42,20,0.06095970044843853,0.984375
42,30,0.07767642834223806,0.971875
42,40,0.0733714360743761,0.975
42,50,0.07535156458616257,0.965625
42,60,0.04024284849874675,0.9875
42,70,0.062145964428782466,0.984375
42,80,0.07503044418990612,0.971875
42,90,0.08083448871038854,0.984375
42,100,0.10235298604238778,0.971875
42,110,0.07779163848608732,0.98125
42,120,0.07323563052341342,0.978125
42,130,0.14820365607738495,0.959375
42,140,0.06119906129315496,0.978125
42,150,0.11716092443093658,0.965625
42,160,0.054656967800110576,0.98125
42,170,0.08243384761735797,0.975
42,180,0.08348570177331567,0.98125
42,190,0.055581356724724175,0.98125
42,200,0.06809809720143675,0.975
42,210,0.10030653597787023,0.95625
42,220,0.06306528551504016,0.98125
42,230,0.06994650904089213,0.984375
42,240,0.10864561945199966,0.9625
42,250,0.13254995755851268,0.95625
42,260,0.12207294348627329,0.9625
42,270,0.18274712711572647,0.934375
42,280,0.06112967357039452,0.975
42,290,0.062668597092852,0.98125
42,300,0.09962641932070256,0.96875
43,10,0.038931804290041325,0.98125
43,20,0.0619650362059474,0.978125
43,30,0.05030231648124754,0.984375
43,40,0.024680493352934717,0.99375
43,50,0.07871650569140912,0.965625
43,60,0.04539231527596712,0.984375
43,70,0.048144704475998876,0.978125
43,80,0.06731273103505372,0.975
43,90,0.06839634985662997,0.96875
43,100,0.05480889081954956,0.984375
43,110,0.10107565298676491,0.959375
43,120,0.06829650774598121,0.971875
43,130,0.06196864238008857,0.978125
43,140,0.06162582845427096,0.978125
43,150,0.0644780045375228,0.98125
43,160,0.06179931722581387,0.975
43,170,0.04263094556517899,0.9875
43,180,0.08576632710173726,0.971875
43,190,0.057579355873167516,0.971875
43,200,0.076002143509686,0.971875
43,210,0.07585439682006836,0.96875
43,220,0.09673834405839443,0.971875
43,230,0.07058047950267791,0.965625
43,240,0.07214600956067443,0.971875
43,250,0.13710338333621622,0.959375
43,260,0.05366525975987315,0.984375
43,270,0.06112913778051734,0.98125
43,280,0.06849629916250706,0.984375
43,290,0.09240241141524166,0.965625
43,300,0.06013333206064999,0.978125
44,10,0.07443581523839385,0.96875
44,20,0.0657122868578881,0.98125
44,30,0.06694526812061667,0.975
44,40,0.08590887915343046,0.9625
44,50,0.07149771675467491,0.971875
44,60,0.046104273898527025,0.990625
44,70,0.061024819710291923,0.984375
44,80,0.04358754102140665,0.984375
44,90,0.10772575840819627,0.96875
44,100,0.0591549813747406,0.98125
44,110,0.05551048587076366,0.984375
44,120,0.060855118371546266,0.978125
44,130,0.04133486696518958,0.984375
44,140,0.04361889180727303,0.984375
44,150,0.04395628110505641,0.984375
44,160,0.04440560508519411,0.984375
44,170,0.06764448559843003,0.96875
44,180,0.08511687535792589,0.965625
44,190,0.06325004871468991,0.9875
44,200,0.07184924958273768,0.971875
44,210,0.08763927975669503,0.975
44,220,0.07367093525826932,0.975
44,230,0.056804695446044204,0.978125
44,240,0.05294513860717416,0.98125
44,250,0.04838644349947572,0.98125
44,260,0.056728142057545485,0.98125
44,270,0.057318364502862096,0.98125
44,280,0.058746128808707,0.98125
44,290,0.10019630719907582,0.9625
44,300,0.08117098556831479,0.98125
45,10,0.04730125991627574,0.98125
45,20,0.10970143172889948,0.959375
45,30,0.03796162558719516,0.9875
45,40,0.12455054143210872,0.965625
45,50,0.057129263691604135,0.98125
45,60,0.08973641702905297,0.971875
45,70,0.06607820950448513,0.975
45,80,0.06361608649604023,0.96875
45,90,0.05502669960260391,0.971875
45,100,0.03295149673940614,0.978125
45,110,0.036676369095221165,0.98125
45,120,0.03627149821259081,0.9875
45,130,0.042470533913001415,0.984375
45,140,0.03333314314950257,0.9875
45,150,0.055568120535463096,0.98125
45,160,0.02361560536082834,0.9875
45,170,0.04469324208330363,0.9875
45,180,0.062393833277747036,0.98125
45,190,0.0854915305506438,0.975
45,200,0.04609104073606431,0.978125
45,210,0.06521354182623326,0.975
45,220,0.03942921254783869,0.98125
45,230,0.06425422951579093,0.98125
45,240,0.04248360686469823,0.978125
45,250,0.0684179371688515,0.975
45,260,0.08063193620182574,0.98125
45,270,0.05435866452753544,0.975
45,280,0.06246869554743171,0.978125
45,290,0.0669910715892911,0.971875
45,300,0.08347054654732347,0.975
46,10,0.08091543121263385,0.975
46,20,0.09814628250896931,0.95625
46,30,0.10345834894105792,0.9625
46,40,0.08696093512699007,0.971875
46,50,0.07075130324810744,0.98125
46,60,0.06290319291874766,0.98125
46,70,0.10965082421898842,0.95
46,80,0.04970934726297856,0.990625
46,90,0.09341849312186241,0.96875
46,100,0.03701657757628709,0.978125
46,110,0.056541680824011564,0.984375
46,120,0.0531176432967186,0.978125
46,130,0.061983550991863014,0.978125
46,140,0.05978236822411418,0.975
46,150,0.11368640745058656,0.95625
46,160,0.043936402257531884,0.978125
46,170,0.08323963284492493,0.971875
46,180,0.058367378637194635,0.98125
46,190,0.05197302121669054,0.975
46,200,0.05744001397397369,0.98125
46,210,0.046330480591859666,0.98125
46,220,0.06397966342046857,0.975
46,230,0.08925341218709945,0.978125
46,240,0.13707081750035285,0.965625
46,250,0.08435486871749162,0.965625
46,260,0.10919343261048198,0.96875
46,270,0.11492223553359508,0.953125
46,280,0.05561071317642927,0.971875
46,290,0.07330021839588881,0.98125
46,300,0.08049396383576095,0.96875
47,10,0.029332787729799747,0.984375
47,20,0.04577818145044148,0.978125
47,30,0.11858221110887826,0.96875
47,40,0.10783356837928296,0.959375
47,50,0.0828751964494586,0.965625
47,60,0.040208889078348874,0.984375
47,70,0.07280315812677145,0.975
47,80,0.0759460074827075,0.978125
47,90,0.05206115497276187,0.9875
47,100,0.06997632523998618,0.965625
47,110,0.0615007454296574,0.978125
47,120,0.07458635314833373,0.971875
47,130,0.06202053462620825,0.98125
47,140,0.07211102831643075,0.975
47,150,0.061412389203906056,0.975
47,160,0.07926124562509358,0.975
47,170,0.06625874172896147,0.975
47,180,0.1140590824186802,0.9625
47,190,0.05434359940700233,0.975
47,200,0.08100523493485526,0.971875
47,210,0.04833293326664716,0.98125
47,220,0.0716782663948834,0.965625
47,230,0.11815501311793923,0.9625
47,240,0.06360590420663356,0.98125
47,250,0.060540901590138675,0.971875
47,260,0.07287197289988398,0.978125
47,270,0.057443720288574696,0.98125
47,280,0.03692193103488535,0.9875
47,290,0.03585773231461644,0.9875
47,300,0.05977721633389592,0.98125
48,10,0.05448343828320503,0.98125
48,20,0.035143736051395535,0.990625
48,30,0.027549733966588975,0.9875
48,40,0.05125981853343546,0.9875
48,50,0.050126543175429104,0.98125
48,60,0.0908248987980187,0.975
48,70,0.04729833914898336,0.978125
48,80,0.08938819242175669,0.971875
48,90,0.05508055686950684,0.98125
48,100,0.0550003376789391,0.984375
48,110,0.03942904705181718,0.9875
48,120,0.05272068465128541,0.978125
48,130,0.0481624799547717,0.9875
48,140,0.04101869992446154,0.990625
48,150,0.044889125984627756,0.990625
48,160,0.06711443136446178,0.971875
48,170,0.03983037294819951,0.9875
48,180,0.07988372719846666,0.98125
48,190,0.029952521389350294,0.990625
48,200,0.047988595435163005,0.978125
48,210,0.05609031263738871,0.971875
48,220,0.04439067287603393,0.98125
48,230,0.05065971179865301,0.984375
48,240,0.07820119261741638,0.971875
48,250,0.06252810545265675,0.978125
48,260,0.06392089240252971,0.971875
48,270,0.04118903949856758,0.9875
48,280,0.06974595226347446,0.975
48,290,0.04355401061475277,0.98125
48,300,0.06995941065251828,0.9625
49,10,0.036002282379195095,0.984375
49,20,0.045578285772353413,0.9875
49,30,0.060554255824536087,0.984375
49,40,0.07219533361494541,0.975
49,50,0.07105000391602516,0.971875
49,60,0.04922171963844448,0.98125
49,70,0.06868288805708289,0.978125
49,80,0.040995358396321534,0.990625
49,90,0.062184805236756804,0.978125
49,100,0.02346464516595006,0.99375
49,110,0.049646614270750435,0.990625
49,120,0.052889163699001075,0.984375
49,130,0.04540344355627894,0.9875
49,140,0.04787010843865573,0.984375
49,150,0.05208878712728619,0.98125
49,160,0.024815527768805624,0.99375
49,170,0.018042907118797302,0.996875
49,180,0.027545267791720108,0.990625
49,190,0.026207699603401125,0.990625
49,200,0.05227843972388655,0.984375
49,210,0.06364546053810045,0.990625
49,220,0.029108630010159686,0.99375
49,230,0.05419476497918367,0.98125
49,240,0.04274666798301041,0.984375
49,250,0.052528426004573706,0.984375
49,260,0.04600678994320333,0.984375
49,270,0.06893911645747722,0.96875
49,280,0.07852960471063852,0.978125
49,290,0.05956428616773337,0.984375
49,300,0.04273623828776181,0.9875
