0,10,3.41927227973938,0.15
0,20,2.9255464553833006,0.315625
0,30,2.8434812307357786,0.3
0,40,2.646056818962097,0.35625
0,50,2.6191885471343994,0.346875
0,60,2.322870874404907,0.409375
0,70,2.104182207584381,0.475
0,80,2.1443559646606447,0.453125
0,90,2.1293964624404906,0.4375
0,100,1.9205322742462159,0.521875
0,110,1.9522132515907287,0.478125
0,120,1.7687560081481934,0.55625
0,130,1.7418529033660888,0.55625
0,140,1.8223053574562074,0.525
0,150,1.7411651968955995,0.51875
0,160,1.7347875118255616,0.496875
0,170,1.5964573979377747,0.58125
0,180,1.6585755467414856,0.55
0,190,1.574129331111908,0.575
0,200,1.5345259666442872,0.5625
0,210,1.599650502204895,0.540625
0,220,1.5431529998779296,0.578125
0,230,1.4569348573684693,0.590625
0,240,1.364249050617218,0.64375
0,250,1.381049007177353,0.575
0,260,1.2803865134716035,0.640625
0,270,1.4261047482490539,0.58125
0,280,1.2403562784194946,0.634375
0,290,1.3798386573791503,0.60625
0,300,1.2589538812637329,0.64375
1,10,1.1979245245456696,0.659375
1,20,1.0869110107421875,0.69375
1,30,1.1348236978054047,0.665625
1,40,1.0550623774528503,0.703125
1,50,0.9574758350849152,0.7375
1,60,1.187011605501175,0.665625
1,70,1.1356192111968995,0.68125
1,80,1.0688824117183686,0.678125
1,90,1.1505846560001374,0.671875
1,100,1.1154968917369843,0.6875
1,110,1.056143045425415,0.675
1,120,1.128991287946701,0.69375
1,130,1.0691831290721894,0.709375
1,140,0.9884716808795929,0.7125
1,150,1.032258301973343,0.690625
1,160,0.9718764364719391,0.70625
1,170,1.0999562442302704,0.68125
1,180,0.9131005644798279,0.7375
1,190,0.9000317990779877,0.765625
1,200,0.9391250133514404,0.728125
1,210,0.9341624408960343,0.71875
1,220,0.9331399321556091,0.765625
1,230,0.9283716142177582,0.71875
1,240,0.8226170599460602,0.771875
1,250,0.8762241005897522,0.734375
1,260,1.0099331498146058,0.703125
1,270,0.8967142581939698,0.721875
1,280,0.8979718625545502,0.734375
1,290,0.8503003776073456,0.74375
1,300,0.8479079604148865,0.75625
2,10,0.8133144035935402,0.796875
2,20,0.7817635655403137,0.7625
2,30,0.8015989601612091,0.771875
2,40,0.694648802280426,0.784375
2,50,0.7820048451423645,0.7875
2,60,0.7680109024047852,0.771875
2,70,0.7329876214265824,0.778125
2,80,0.7690840601921082,0.78125
2,90,0.7354208409786225,0.7625
2,100,0.6831066489219666,0.821875
2,110,0.6320852994918823,0.81875
2,120,0.6401311755180359,0.815625
2,130,0.7741674184799194,0.753125
2,140,0.7582875341176987,0.796875
2,150,0.6543506920337677,0.809375
2,160,0.716058424115181,0.775
2,170,0.6557393372058868,0.80625
2,180,0.6555740833282471,0.790625
2,190,0.7290742814540863,0.784375
2,200,0.7734002321958542,0.784375
2,210,0.5781830221414566,0.809375
2,220,0.6893099874258042,0.775
2,230,0.736549100279808,0.778125
2,240,0.6765886038541794,0.825
2,250,0.6505234360694885,0.7875
2,260,0.6118124097585678,0.796875
2,270,0.7124892026185989,0.803125
2,280,0.8059959769248962,0.7625
2,290,0.8293229162693023,0.73125
2,300,0.7022614419460297,0.78125
3,10,0.6222651273012161,0.809375
3,20,0.6624953269958496,0.790625
3,30,0.6354598641395569,0.80625
3,40,0.6925478845834732,0.790625
3,50,0.5861516207456589,0.8375
3,60,0.6213609963655472,0.821875
3,70,0.5191959828138352,0.8375
3,80,0.6053143411874771,0.828125
3,90,0.6398654580116272,0.81875
3,100,0.5628088295459748,0.828125
3,110,0.7081762254238129,0.775
3,120,0.538101288676262,0.834375
3,130,0.6153510481119155,0.821875
3,140,0.5891946196556092,0.8375
3,150,0.5817208647727966,0.821875
3,160,0.6273207813501358,0.809375
3,170,0.5414311721920967,0.828125
3,180,0.7072447836399078,0.809375
3,190,0.6089307323098183,0.825
3,200,0.6011564612388611,0.81875
3,210,0.5742700964212417,0.815625
3,220,0.6042840212583542,0.834375
3,230,0.5044797360897064,0.83125
3,240,0.5612170815467834,0.80625
3,250,0.5415889918804169,0.834375
3,260,0.47360226362943647,0.8625
3,270,0.5989694088697434,0.825
3,280,0.5244147658348084,0.846875
3,290,0.4783971503376961,0.85
3,300,0.5445312693715095,0.840625
4,10,0.42378173768520355,0.88125
4,20,0.4709998644888401,0.84375
4,30,0.5393582433462143,0.821875
4,40,0.4950009182095528,0.846875
4,50,0.4659730389714241,0.865625
4,60,0.36566230803728106,0.903125
4,70,0.5102046087384224,0.809375
4,80,0.5582807391881943,0.8375
4,90,0.5149533033370972,0.834375
4,100,0.49978266954421996,0.846875
4,110,0.45436514765024183,0.85
4,120,0.5622909605503082,0.853125
4,130,0.5689541190862656,0.828125
4,140,0.5272210478782654,0.828125
4,150,0.612782946228981,0.815625
4,160,0.4045237392187119,0.878125
4,170,0.442469111084938,0.86875
4,180,0.49453980326652525,0.859375
4,190,0.5379682570695877,0.84375
4,200,0.44781224727630614,0.8625
4,210,0.4820682883262634,0.859375
4,220,0.5311753630638123,0.80625
4,230,0.5054134488105774,0.83125
4,240,0.5676740258932114,0.828125
4,250,0.4819681465625763,0.8625
4,260,0.5751627951860427,0.81875
4,270,0.5022874385118484,0.85625
4,280,0.49385165572166445,0.85625
4,290,0.3952495604753494,0.86875
4,300,0.5401261538267136,0.828125
5,10,0.49559505581855773,0.853125
5,20,0.36910254806280135,0.875
5,30,0.36776381731033325,0.89375
5,40,0.451519051194191,0.871875
5,50,0.4248961731791496,0.871875
5,60,0.4110259786248207,0.875
5,70,0.45500297993421557,0.84375
5,80,0.4760536104440689,0.8375
5,90,0.47748197317123414,0.846875
5,100,0.4045655965805054,0.8875
5,110,0.3702999114990234,0.875
5,120,0.46416800916194917,0.8625
5,130,0.42099112570285796,0.88125
5,140,0.3984932839870453,0.8875
5,150,0.4709717005491257,0.85
5,160,0.3874508887529373,0.88125
5,170,0.48324709087610246,0.85625
5,180,0.52679742872715,0.83125
5,190,0.390304397046566,0.871875
5,200,0.4064935654401779,0.875
5,210,0.5069305375218391,0.846875
5,220,0.3969673037528992,0.890625
5,230,0.365943968296051,0.896875
5,240,0.32838514596223833,0.90625
5,250,0.43231101632118224,0.846875
5,260,0.5035882994532586,0.840625
5,270,0.4695946410298347,0.853125
5,280,0.504652638733387,0.853125
5,290,0.4381711661815643,0.85625
5,300,0.43097159564495086,0.871875
6,10,0.4891130059957504,0.85
6,20,0.46131657510995866,0.86875
6,30,0.3929886341094971,0.871875
6,40,0.4555401623249054,0.871875
6,50,0.39124145805835725,0.85625
6,60,0.4093478932976723,0.884375
6,70,0.4463299557566643,0.8625
6,80,0.3681583598256111,0.8875
6,90,0.33055720999836924,0.903125
6,100,0.4066197857260704,0.875
6,110,0.3894708573818207,0.86875
6,120,0.3681929513812065,0.89375
6,130,0.4102065473794937,0.85
6,140,0.38286149948835374,0.878125
6,150,0.4052192375063896,0.871875
6,160,0.34279955103993415,0.890625
6,170,0.39338506758213043,0.875
6,180,0.32523891180753706,0.903125
6,190,0.473852463811636,0.859375
6,200,0.3724266797304153,0.890625
6,210,0.39963546842336656,0.878125
6,220,0.40222431123256686,0.88125
6,230,0.3639388158917427,0.884375
6,240,0.35980126857757566,0.875
6,250,0.3985213950276375,0.88125
6,260,0.4272821515798569,0.865625
6,270,0.4149393655359745,0.8625
6,280,0.31912954077124595,0.89375
6,290,0.40726599395275115,0.890625
6,300,0.44519326388835906,0.85
7,10,0.3953833743929863,0.884375
7,20,0.3440562173724174,0.884375
7,30,0.3087345466017723,0.890625
7,40,0.4144640937447548,0.853125
7,50,0.3053975090384483,0.90625
7,60,0.2879246287047863,0.90625
7,70,0.3628534063696861,0.871875
7,80,0.3956492006778717,0.878125
7,90,0.32330517917871476,0.89375
7,100,0.3764789566397667,0.871875
7,110,0.3163962472230196,0.925
7,120,0.40993727892637255,0.865625
7,130,0.4607796922326088,0.85625
7,140,0.3402221068739891,0.903125
7,150,0.34424170702695844,0.89375
7,160,0.30169535130262376,0.90625
7,170,0.34333995580673216,0.88125
7,180,0.3707709863781929,0.875
7,190,0.2946511432528496,0.90625
7,200,0.41359132826328276,0.878125
7,210,0.38473646342754364,0.89375
7,220,0.3196055755019188,0.8875
7,230,0.41253829523921015,0.86875
7,240,0.3890699580311775,0.896875
7,250,0.35292676091194153,0.8875
7,260,0.37762908041477206,0.871875
7,270,0.3111952647566795,0.878125
7,280,0.33244003653526305,0.884375
7,290,0.36093821823596955,0.896875
7,300,0.38394182324409487,0.878125
8,10,0.2923897013068199,0.890625
8,20,0.27279668748378755,0.921875
8,30,0.4058894783258438,0.89375
8,40,0.37386505007743837,0.878125
8,50,0.44077686667442323,0.846875
8,60,0.2996431291103363,0.903125
8,70,0.3689706951379776,0.88125
8,80,0.31306562572717667,0.896875
8,90,0.31026752591133117,0.89375
8,100,0.3122130557894707,0.9
8,110,0.28603817969560624,0.903125
8,120,0.2986388400197029,0.909375
8,130,0.3833995074033737,0.871875
8,140,0.28675093650817873,0.9125
8,150,0.34036607295274734,0.9125
8,160,0.346673446893692,0.896875
8,170,0.3290324717760086,0.89375
8,180,0.3408201351761818,0.8875
8,190,0.2693187013268471,0.925
8,200,0.3312079027295113,0.88125
8,210,0.25692206546664237,0.928125
8,220,0.27795080095529556,0.903125
8,230,0.2636090725660324,0.9125
8,240,0.29323926120996474,0.921875
8,250,0.35335214585065844,0.896875
8,260,0.3897606834769249,0.875
8,270,0.3161266498267651,0.8875
8,280,0.345508448779583,0.890625
8,290,0.3175908014178276,0.90625
8,300,0.3243837371468544,0.896875
9,10,0.3395670399069786,0.878125
9,20,0.21937172934412957,0.94375
9,30,0.23133843392133713,0.9125
9,40,0.18727715015411378,0.95625
9,50,0.2936625123023987,0.90625
9,60,0.2893191821873188,0.896875
9,70,0.22721681594848633,0.9375
9,80,0.2947479084134102,0.9
9,90,0.30271269381046295,0.90625
9,100,0.31584352254867554,0.89375
9,110,0.2838950499892235,0.896875
9,120,0.3376250952482224,0.8875
9,130,0.2476668104529381,0.91875
9,140,0.3356593638658524,0.90625
9,150,0.25820266306400297,0.9125
9,160,0.277170467376709,0.921875
9,170,0.31965446919202806,0.890625
9,180,0.3716857098042965,0.890625
9,190,0.2919653758406639,0.8875
9,200,0.36193487122654916,0.9
9,210,0.36178050488233565,0.89375
9,220,0.35362065955996513,0.884375
9,230,0.32550221756100656,0.9125
9,240,0.24429938122630118,0.915625
9,250,0.3982418172061443,0.875
9,260,0.30929264426231384,0.9
9,270,0.3270997330546379,0.890625
9,280,0.36540904343128205,0.89375
9,290,0.2990502893924713,0.9125
9,300,0.2665298759937286,0.903125
10,10,0.24101284071803092,0.93125
10,20,0.2786549463868141,0.9125
10,30,0.2586138054728508,0.91875
10,40,0.2783616378903389,0.9125
10,50,0.2631172962486744,0.915625
10,60,0.30326306372880935,0.9
10,70,0.23098913505673407,0.91875
10,80,0.2406778357923031,0.921875
10,90,0.31164745315909387,0.90625
10,100,0.2596138007938862,0.9125
10,110,0.26816518008708956,0.915625
10,120,0.24860422313213348,0.921875
10,130,0.2886280849575996,0.9
10,140,0.32362873628735545,0.890625
10,150,0.28369330763816836,0.890625
10,160,0.23067515194416047,0.93125
10,170,0.1939588390290737,0.940625
10,180,0.3012986496090889,0.89375
10,190,0.24553884025663136,0.928125
10,200,0.2344895012676716,0.9375
10,210,0.2892773047089577,0.90625
10,220,0.291634751111269,0.9
10,230,0.32213479951024054,0.896875
10,240,0.34234710931777956,0.875
10,250,0.3761629953980446,0.859375
10,260,0.3181740179657936,0.903125
10,270,0.3762800067663193,0.88125
10,280,0.3002478137612343,0.9
10,290,0.3643196702003479,0.88125
10,300,0.3053891368210316,0.90625
11,10,0.23525049164891243,0.921875
11,20,0.18167283423244954,0.95
11,30,0.24441931694746016,0.91875
11,40,0.27118814289569854,0.9125
11,50,0.22381433025002478,0.940625
11,60,0.1894185498356819,0.940625
11,70,0.19043169617652894,0.940625
11,80,0.24879686459898948,0.925
11,90,0.29767015427350996,0.903125
11,100,0.223210309445858,0.9125
11,110,0.264310947060585,0.903125
11,120,0.2795377880334854,0.9
11,130,0.2694296568632126,0.90625
11,140,0.25825156792998316,0.90625
11,150,0.22615364491939544,0.925
11,160,0.2813284441828728,0.890625
11,170,0.2586888842284679,0.9
11,180,0.1916257031261921,0.925
11,190,0.28485302403569224,0.896875
11,200,0.29801561012864114,0.896875
11,210,0.2611495330929756,0.925
11,220,0.2832916770130396,0.909375
11,230,0.29466755539178846,0.9
11,240,0.23270708248019217,0.93125
11,250,0.21516552492976188,0.93125
11,260,0.37280458509922026,0.88125
11,270,0.2724190494045615,0.896875
11,280,0.3843879014253616,0.871875
11,290,0.34953394830226897,0.890625
11,300,0.2950868859887123,0.90625
12,10,0.2397847544401884,0.90625
12,20,0.2666899111121893,0.9
12,30,0.25609586387872696,0.9125
12,40,0.18906880542635918,0.94375
12,50,0.2017272688448429,0.928125
12,60,0.16871846169233323,0.940625
12,70,0.22500236108899116,0.93125
12,80,0.31891527622938154,0.903125
12,90,0.2286907434463501,0.9375
12,100,0.24970685467123985,0.915625
12,110,0.245626001060009,0.921875
12,120,0.2532816044986248,0.928125
12,130,0.2811460692435503,0.9125
12,140,0.2646153174340725,0.909375
12,150,0.3036151915788651,0.896875
12,160,0.2530964113771915,0.909375
12,170,0.20541373305022717,0.934375
12,180,0.25223267152905465,0.921875
12,190,0.2501835972070694,0.909375
12,200,0.24173907190561295,0.91875
12,210,0.303476944565773,0.89375
12,220,0.2481764152646065,0.90625
12,230,0.14020708799362183,0.959375
12,240,0.2159260705113411,0.921875
12,250,0.2598235711455345,0.921875
12,260,0.19039722308516502,0.9375
12,270,0.27210433334112166,0.890625
12,280,0.17766123265028,0.95
12,290,0.29599778950214384,0.903125
12,300,0.26961901113390924,0.915625
13,10,0.21528975591063498,0.9375
13,20,0.1745406687259674,0.93125
13,30,0.22803754806518556,0.93125
13,40,0.2242358885705471,0.928125
13,50,0.25016798861324785,0.909375
13,60,0.18014198243618013,0.953125
13,70,0.21862514466047286,0.921875
13,80,0.2716526009142399,0.928125
13,90,0.24661887362599372,0.903125
13,100,0.2455782935023308,0.90625
13,110,0.26731660068035124,0.896875
13,120,0.2513164445757866,0.921875
13,130,0.27137990295886993,0.890625
13,140,0.17248246632516384,0.95
13,150,0.30767057165503503,0.909375
13,160,0.2622396007180214,0.909375
13,170,0.26772390604019164,0.91875
13,180,0.30095580145716666,0.915625
13,190,0.23848452121019365,0.9125
13,200,0.2723250940442085,0.915625
13,210,0.19549130387604235,0.93125
13,220,0.18759073242545127,0.921875
13,230,0.3078739657998085,0.9
13,240,0.2887346174567938,0.915625
13,250,0.21066588759422303,0.925
13,260,0.36832327097654344,0.88125
13,270,0.30594195872545243,0.9125
13,280,0.2801273427903652,0.91875
13,290,0.28668938353657725,0.90625
13,300,0.1895898923277855,0.94375
14,10,0.21782729737460613,0.93125
14,20,0.21342335790395736,0.925
14,30,0.181001203507185,0.946875
14,40,0.20297703463584185,0.928125
14,50,0.20120683163404465,0.925
14,60,0.19746992290019988,0.934375
14,70,0.18086642548441886,0.9375
14,80,0.2007508881390095,0.940625
14,90,0.23306308388710023,0.9125
14,100,0.1674278788268566,0.9375
14,110,0.2115213081240654,0.934375
14,120,0.26072557270526886,0.9
14,130,0.15331445205956698,0.953125
14,140,0.17273309007287024,0.9375
14,150,0.21514290049672127,0.915625
14,160,0.22521124854683877,0.9375
14,170,0.14331335499882697,0.946875
14,180,0.21416760608553886,0.91875
14,190,0.17257869318127633,0.94375
14,200,0.18654977157711983,0.928125
14,210,0.19013204351067542,0.934375
14,220,0.24025570340454577,0.934375
14,230,0.25031223744153974,0.9125
14,240,0.2552785772830248,0.925
14,250,0.25158006995916365,0.928125
14,260,0.1897134281694889,0.928125
14,270,0.2557899683713913,0.9125
14,280,0.2517314784228802,0.921875
14,290,0.25555904060602186,0.903125
14,300,0.24712675698101522,0.93125
15,10,0.2708356507122517,0.9125
15,20,0.1857011526823044,0.925
15,30,0.20927344486117364,0.934375
15,40,0.15205035507678985,0.95
15,50,0.17885298617184162,0.946875
15,60,0.2210325725376606,0.928125
15,70,0.17978139631450177,0.925
15,80,0.2025138594210148,0.915625
15,90,0.20321485996246338,0.93125
15,100,0.18597786091268062,0.95
15,110,0.22700719609856607,0.91875
15,120,0.2696484312415123,0.915625
15,130,0.1772875115275383,0.9375
15,140,0.13506172746419906,0.959375
15,150,0.20792843848466874,0.93125
15,160,0.23477956503629685,0.93125
15,170,0.17971789240837097,0.95625
15,180,0.2313117116689682,0.921875
15,190,0.20329584330320358,0.94375
15,200,0.17509986981749534,0.9375
15,210,0.21585749126970769,0.915625
15,220,0.19085406884551048,0.93125
15,230,0.23230412416160107,0.928125
15,240,0.15519132241606712,0.95
15,250,0.21878475248813628,0.934375
15,260,0.21915445625782012,0.921875
15,270,0.2209099791944027,0.9375
15,280,0.19843721464276315,0.921875
15,290,0.20216131284832956,0.928125
15,300,0.22293640151619912,0.940625
16,10,0.18959369733929635,0.925
16,20,0.18970306776463985,0.925
16,30,0.2254653185606003,0.915625
16,40,0.18292473666369916,0.934375
16,50,0.20424549244344234,0.9375
16,60,0.2031446486711502,0.93125
16,70,0.20236178673803806,0.928125
16,80,0.19325657971203328,0.95
16,90,0.1695988416671753,0.934375
16,100,0.14726423546671868,0.95
16,110,0.1643272951245308,0.94375
16,120,0.15894896825775504,0.94375
16,130,0.20088550597429275,0.93125
16,140,0.1678523551672697,0.94375
16,150,0.23315595127642155,0.9375
16,160,0.23413460105657577,0.928125
16,170,0.1969578712247312,0.925
16,180,0.20218759663403035,0.921875
16,190,0.26287209913134574,0.90625
16,200,0.21957264766097068,0.915625
16,210,0.17529255747795106,0.95
16,220,0.3130840890109539,0.909375
16,230,0.18620706275105475,0.94375
16,240,0.1983069159090519,0.915625
16,250,0.1881332691758871,0.925
16,260,0.21443259865045547,0.925
16,270,0.20071702152490617,0.915625
16,280,0.20528901517391204,0.9375
16,290,0.24304319992661477,0.93125
16,300,0.2048982996493578,0.9375
17,10,0.1828638892620802,0.928125
17,20,0.13554828874766828,0.953125
17,30,0.2538091965019703,0.928125
17,40,0.20194590091705322,0.921875
17,50,0.17020967602729797,0.94375
17,60,0.20285693407058716,0.93125
17,70,0.16389466729015112,0.946875
17,80,0.1991755735129118,0.934375
17,90,0.14540944285690785,0.959375
17,100,0.15342554375529288,0.959375
17,110,0.16975153610110283,0.93125
17,120,0.1553733472712338,0.953125
17,130,0.286869215965271,0.9125
17,140,0.17560969963669776,0.940625
17,150,0.18787848949432373,0.94375
17,160,0.15406294614076615,0.940625
17,170,0.162172319740057,0.953125
17,180,0.23809465989470482,0.940625
17,190,0.19998788870871068,0.946875
17,200,0.24293009340763091,0.9125
17,210,0.13053840659558774,0.95625
17,220,0.15501955859363079,0.953125
17,230,0.19320166930556298,0.93125
17,240,0.2872322589159012,0.925
17,250,0.21164951846003532,0.925
17,260,0.18994418755173684,0.93125
17,270,0.1920556031167507,0.928125
17,280,0.2023847360163927,0.940625
17,290,0.22306142188608646,0.928125
17,300,0.1620642226189375,0.95625
18,10,0.1682246968150139,0.953125
18,20,0.26441825181245804,0.91875
18,30,0.1638746839016676,0.946875
18,40,0.1639259192161262,0.94375
18,50,0.19093299880623818,0.9375
18,60,0.1693858362734318,0.9375
18,70,0.17523336373269557,0.940625
18,80,0.08323506638407707,0.978125
18,90,0.1406186182051897,0.953125
18,100,0.14059558250010012,0.95
18,110,0.18892276398837565,0.940625
18,120,0.13808827437460422,0.959375
18,130,0.18427496924996375,0.928125
18,140,0.19693001434206964,0.93125
18,150,0.19994121491909028,0.928125
18,160,0.166812826320529,0.946875
18,170,0.17903693206608295,0.9375
18,180,0.17892241217195987,0.940625
18,190,0.17825410924851895,0.95
18,200,0.2183170035481453,0.925
18,210,0.2131834551692009,0.921875
18,220,0.24035694524645806,0.915625
18,230,0.20752971544861792,0.921875
18,240,0.2498654991388321,0.909375
18,250,0.23493612110614776,0.921875
18,260,0.14585677050054074,0.94375
18,270,0.21558149084448813,0.915625
18,280,0.19192780014127492,0.9375
18,290,0.18840269222855568,0.934375
18,300,0.20160821452736855,0.934375
19,10,0.18325593327172102,0.94375
19,20,0.17031615413725376,0.93125
19,30,0.21840203665196894,0.925
19,40,0.13117458298802376,0.9625
19,50,0.23139008432626723,0.925
19,60,0.15704104155302048,0.946875
19,70,0.18653829768300056,0.95
19,80,0.20028097778558732,0.928125
19,90,0.20797354802489282,0.946875
19,100,0.18560160100460052,0.95
19,110,0.1789486788213253,0.91875
19,120,0.16532775312662124,0.921875
19,130,0.1741955630481243,0.95
19,140,0.1840219408273697,0.921875
19,150,0.2075637936592102,0.9375
19,160,0.17569109965115787,0.93125
19,170,0.13117806017398834,0.95625
19,180,0.13398316837847232,0.95
19,190,0.15438841618597507,0.953125
19,200,0.13731479533016683,0.95625
19,210,0.12457439601421356,0.965625
19,220,0.09766570664942265,0.965625
19,230,0.14000116363167764,0.946875
19,240,0.17745237722992896,0.940625
19,250,0.1481225248426199,0.95625
19,260,0.08262100201100112,0.98125
19,270,0.20434578284621238,0.93125
19,280,0.17957667931914328,0.9375
19,290,0.19859880357980728,0.921875
19,300,0.11284587979316711,0.971875
20,10,0.14767792765051127,0.95625
20,20,0.15747931376099586,0.946875
20,30,0.14505146332085134,0.953125
20,40,0.09842274151742458,0.975
20,50,0.17742971908301114,0.934375
20,60,0.10528891403228044,0.9625
20,70,0.1438382536172867,0.95
20,80,0.13677491433918476,0.965625
20,90,0.1026874303817749,0.9625
20,100,0.13575779758393763,0.946875
20,110,0.1215208813548088,0.95
20,120,0.13599901534616948,0.953125
20,130,0.15152572393417357,0.94375
20,140,0.1640559809282422,0.946875
20,150,0.14457708597183228,0.946875
20,160,0.16859934478998184,0.94375
20,170,0.1296006515622139,0.946875
20,180,0.2102608598768711,0.9375
20,190,0.18537181839346886,0.940625
20,200,0.18323568664491177,0.940625
20,210,0.1137533338740468,0.95
20,220,0.16836369559168815,0.9375
20,230,0.17471159882843496,0.934375
20,240,0.14572804141789675,0.94375
20,250,0.1846985717304051,0.953125
20,260,0.20032909289002418,0.925
20,270,0.21285801902413368,0.93125
20,280,0.10724763795733452,0.959375
20,290,0.13963634967803956,0.94375
20,300,0.19222442395985126,0.940625
21,10,0.1317315421998501,0.959375
21,20,0.10436740051954985,0.9625
21,30,0.1476546458899975,0.94375
21,40,0.12316369861364365,0.946875
21,50,0.13141615949571134,0.94375
21,60,0.1396690420806408,0.946875
21,70,0.1405897255986929,0.95625
21,80,0.14706317111849784,0.94375
21,90,0.1171834085136652,0.95625
21,100,0.12897351421415806,0.95625
21,110,0.11864373497664929,0.959375
21,120,0.14241867419332266,0.953125
21,130,0.16100280098617076,0.946875
21,140,0.13963716700673104,0.953125
21,150,0.15527459122240544,0.95
21,160,0.1536122292280197,0.940625
21,170,0.10156518537551165,0.965625
21,180,0.1490706004202366,0.95
21,190,0.09867247007787228,0.9625
21,200,0.13376475237309932,0.953125
21,210,0.17910909689962864,0.95
21,220,0.17259412482380868,0.940625
21,230,0.141578995808959,0.959375
21,240,0.16789311170578003,0.94375
21,250,0.1918134531006217,0.921875
21,260,0.11507384609431029,0.959375
21,270,0.11723086163401604,0.95
21,280,0.1324178446084261,0.953125
21,290,0.20405478663742543,0.921875
21,300,0.15427422299981117,0.946875
22,10,0.12120719868689775,0.953125
22,20,0.14615822657942773,0.946875
22,30,0.12491010054945946,0.946875
22,40,0.12305515054613352,0.965625
22,50,0.16387197375297546,0.95625
22,60,0.13000487200915814,0.96875
22,70,0.17013066336512567,0.9375
22,80,0.15043534114956855,0.953125
22,90,0.10751768574118614,0.9625
22,100,0.1561620082706213,0.940625
22,110,0.12040200121700764,0.95
22,120,0.16864150892943144,0.934375
22,130,0.1526007078588009,0.9375
22,140,0.16383361890912057,0.94375
22,150,0.0974104980006814,0.9625
22,160,0.15773881301283837,0.9375
22,170,0.16135078482329845,0.9375
22,180,0.18555505871772765,0.925
22,190,0.16203791210427881,0.94375
22,200,0.1779068849980831,0.940625
22,210,0.12967757983133196,0.959375
22,220,0.12173380050808191,0.953125
22,230,0.07955489791929722,0.9625
22,240,0.1549658289179206,0.940625
22,250,0.16580747291445733,0.934375
22,260,0.1472023416310549,0.953125
22,270,0.18016428574919702,0.921875
22,280,0.14577147737145424,0.953125
22,290,0.19387522637844085,0.93125
22,300,0.15210775211453437,0.940625
23,10,0.13091460838913918,0.953125
23,20,0.1268765464425087,0.959375
23,30,0.14911954626441,0.94375
23,40,0.1257259424775839,0.95625
23,50,0.13610120620578528,0.959375
23,60,0.11900645215064287,0.95625
23,70,0.13447365835309028,0.9375
23,80,0.14121216647326945,0.9625
23,90,0.15484781144186854,0.946875
23,100,0.14464353024959564,0.953125
23,110,0.12643950805068016,0.946875
23,120,0.1418252095580101,0.940625
23,130,0.1665999673306942,0.94375
23,140,0.14031167700886726,0.959375
23,150,0.11827265173196792,0.9625
23,160,0.15015794299542903,0.95
23,170,0.10883081015199422,0.965625
23,180,0.09490097016096115,0.9625
23,190,0.07678100429475307,0.965625
23,200,0.13325976878404616,0.965625
23,210,0.15663157748058437,0.94375
23,220,0.12493352331221104,0.946875
23,230,0.13768208138644694,0.95625
23,240,0.12432642541825771,0.959375
23,250,0.09936580918729306,0.96875
23,260,0.15585087686777116,0.94375
23,270,0.09950082460418344,0.9625
23,280,0.14761748686432838,0.953125
23,290,0.2273872060701251,0.940625
23,300,0.13530347123742104,0.9625
24,10,0.1417029404081404,0.953125
24,20,0.17032544016838075,0.953125
24,30,0.14567309394478797,0.953125
24,40,0.1184919711202383,0.95
24,50,0.14102150723338128,0.95
24,60,0.15319041535258293,0.946875
24,70,0.11269872300326825,0.953125
24,80,0.11971397325396538,0.95625
24,90,0.12132408320903779,0.953125
24,100,0.11645941883325577,0.9625
24,110,0.08785034120082855,0.9625
24,120,0.08721775365993381,0.96875
24,130,0.12150561697781086,0.95
24,140,0.14066096246242524,0.9375
24,150,0.1008985735476017,0.965625
24,160,0.1026204751804471,0.959375
24,170,0.13657935888040812,0.940625
24,180,0.10902824103832245,0.959375
24,190,0.12380074318498373,0.95
24,200,0.14752559196203946,0.9375
24,210,0.1600831039249897,0.940625
24,220,0.10295225083827972,0.975
24,230,0.09990146532654762,0.96875
24,240,0.14614108633249998,0.94375
24,250,0.12024883665144444,0.9625
24,260,0.13500859290361406,0.94375
24,270,0.1582302238792181,0.9375
24,280,0.24023814126849174,0.921875
24,290,0.1314750736579299,0.95
24,300,0.18905705101788045,0.93125
25,10,0.1596136525273323,0.940625
25,20,0.09920722991228104,0.975
25,30,0.10505702160298824,0.95625
25,40,0.17237273342907428,0.934375
25,50,0.11283641811460257,0.9625
25,60,0.11103228656575084,0.95625
25,70,0.16421429980546237,0.953125
25,80,0.08855685293674469,0.953125
25,90,0.11390448147431016,0.95625
25,100,0.141610755212605,0.94375
25,110,0.11673839651048183,0.9625
25,120,0.13727492801845073,0.946875
25,130,0.11720854332670569,0.9625
25,140,0.07606764975935221,0.971875
25,150,0.16242955503985285,0.94375
25,160,0.1613707548007369,0.946875
25,170,0.10632048919796944,0.975
25,180,0.10964224301278591,0.959375
25,190,0.1702250638976693,0.946875
25,200,0.10781004279851913,0.965625
25,210,0.1352869221009314,0.9625
25,220,0.16484999861568211,0.95
25,230,0.10917335469275713,0.965625
25,240,0.17015396431088448,0.946875
25,250,0.17277545630931854,0.94375
25,260,0.1313638359308243,0.959375
25,270,0.21127474382519723,0.93125
25,280,0.11453361883759498,0.959375
25,290,0.14142671134322882,0.953125
25,300,0.147557189874351,0.940625
26,10,0.10728265754878522,0.953125
26,20,0.11598838530480862,0.95625
26,30,0.14501727260649205,0.95
26,40,0.14911381974816323,0.94375
26,50,0.09428926333785057,0.959375
26,60,0.09890819569118321,0.9625
26,70,0.058489084243774414,0.98125
26,80,0.11511350721120835,0.95625
26,90,0.1316925786435604,0.94375
26,100,0.18686341717839242,0.93125
26,110,0.07984470240771771,0.965625
26,120,0.1329210463911295,0.959375
26,130,0.11380655746906995,0.953125
26,140,0.1422127138823271,0.95625
26,150,0.1376762181520462,0.95
26,160,0.12463421002030373,0.959375
26,170,0.0944543682038784,0.96875
26,180,0.13266210146248342,0.959375
26,190,0.14517527334392072,0.940625
26,200,0.09192931628786027,0.965625
26,210,0.20466697234660386,0.95
26,220,0.133977510035038,0.95
26,230,0.13558919671922923,0.953125
26,240,0.15542050488293171,0.95
26,250,0.06392209827899933,0.9875
26,260,0.13679953441023826,0.95625
26,270,0.15661206357181073,0.94375
26,280,0.09100672323256731,0.96875
26,290,0.10485344398766756,0.959375
26,300,0.16438117176294326,0.934375
27,10,0.11436674329452216,0.95625
27,20,0.10409317370504141,0.971875
27,30,0.11643309341743588,0.953125
27,40,0.06227365899831057,0.978125
27,50,0.10764727164059877,0.959375
27,60,0.07878614533692599,0.96875
27,70,0.11298560500144958,0.96875
27,80,0.06792920893058181,0.975
27,90,0.09313705898821353,0.9625
27,100,0.09177216980606318,0.96875
27,110,0.09196516573429107,0.96875
27,120,0.10775495292618871,0.9625
27,130,0.1530466565862298,0.953125
27,140,0.09392654541879893,0.975
27,150,0.11320217028260231,0.9625
27,160,0.1219480799511075,0.95625
27,170,0.15034163147211074,0.953125
27,180,0.08611774872988462,0.965625
27,190,0.09778316635638476,0.975
27,200,0.11670467583462596,0.953125
27,210,0.09501960817724467,0.9625
27,220,0.11390519980341196,0.95625
27,230,0.10668683424592018,0.959375
27,240,0.12884681494906544,0.94375
27,250,0.1519559442996979,0.946875
27,260,0.12821293473243714,0.965625
27,270,0.15347983315587044,0.953125
27,280,0.15111286267638208,0.959375
27,290,0.1112973228096962,0.959375
27,300,0.14250465985387564,0.94375
28,10,0.09774163849651814,0.95625
28,20,0.10130078997462988,0.965625
28,30,0.07273249831050635,0.978125
28,40,0.1071790860965848,0.971875
28,50,0.12553857192397117,0.959375
28,60,0.11109264492988587,0.95625
28,70,0.12163404598832131,0.959375
28,80,0.10563321076333523,0.953125
28,90,0.11886454755440354,0.95625
28,100,0.06424854006618261,0.98125
28,110,0.0983681932091713,0.971875
28,120,0.11128349341452122,0.9625
28,130,0.08717918209731579,0.96875
28,140,0.0834915617480874,0.98125
28,150,0.09882588004693389,0.96875
28,160,0.12414558753371238,0.9625
28,170,0.08939283341169357,0.96875
28,180,0.11767376866191626,0.95
28,190,0.1370064165443182,0.934375
28,200,0.1308150604367256,0.95
28,210,0.1509974904358387,0.95625
28,220,0.12117107468657196,0.953125
28,230,0.1416569771245122,0.953125
28,240,0.1673216035589576,0.93125
28,250,0.14043553341180087,0.953125
28,260,0.08606565766967833,0.975
28,270,0.08074589502066373,0.96875
28,280,0.14929694794118403,0.946875
28,290,0.08287957236170769,0.96875
28,300,0.14046090468764305,0.946875
29,10,0.08289157254621386,0.978125
29,20,0.08343349620699883,0.971875
29,30,0.10468348227441311,0.965625
29,40,0.11914606280624866,0.965625
29,50,0.12846050634980202,0.95625
29,60,0.10504638962447643,0.971875
29,70,0.1430947333574295,0.9625
29,80,0.0921909436583519,0.96875
29,90,0.10247064083814621,0.9625
29,100,0.07952668480575084,0.971875
29,110,0.14542940221726894,0.95625
29,120,0.052453577145934106,0.98125
29,130,0.10285406801849603,0.975
29,140,0.09537767805159092,0.971875
29,150,0.10377584556117654,0.965625
29,160,0.05873714718036353,0.98125
29,170,0.1398735873401165,0.959375
29,180,0.1144178967922926,0.94375
29,190,0.12679336927831172,0.95625
29,200,0.10234851520508528,0.9625
29,210,0.1149467647075653,0.959375
29,220,0.12086136005818844,0.953125
29,230,0.22105519957840442,0.91875
29,240,0.07711715344339609,0.959375
29,250,0.16708091869950295,0.9375
29,260,0.15296031553298234,0.953125
29,270,0.16815152242779732,0.9375
29,280,0.11274755597114564,0.959375
29,290,0.11169259008020163,0.965625
29,300,0.21756553687155247,0.9125
30,10,0.14407271556556225,0.94375
30,20,0.09147169627249241,0.971875
30,30,0.08946862202137709,0.971875
30,40,0.09556540087796747,0.971875
30,50,0.0537671691738069,0.98125
30,60,0.1041395515203476,0.9625
30,70,0.10003871396183968,0.965625
30,80,0.09005527198314667,0.971875
30,90,0.09098110664635897,0.978125
30,100,0.11923040710389614,0.96875
30,110,0.07060897536575794,0.96875
30,120,0.1027696062810719,0.959375
30,130,0.10313664814457298,0.965625
30,140,0.11558827832341194,0.959375
30,150,0.09806623645126819,0.965625
30,160,0.16296752877533435,0.94375
30,170,0.12844391018152237,0.953125
30,180,0.137300194054842,0.959375
30,190,0.11311433892697095,0.975
30,200,0.13550140112638473,0.94375
30,210,0.09567604372277856,0.971875
30,220,0.13372226804494858,0.959375
30,230,0.13963608406484126,0.95
30,240,0.09814382418990135,0.971875
30,250,0.14734955839812755,0.946875
30,260,0.11917055808007718,0.953125
30,270,0.10145528540015221,0.965625
30,280,0.09876453839242458,0.96875
30,290,0.12037682384252549,0.95
30,300,0.12963187620043753,0.95
31,10,0.08302078042179346,0.975
31,20,0.11026192344725132,0.965625
31,30,0.07470845391508192,0.978125
31,40,0.09893663674592972,0.971875
31,50,0.0898768579121679,0.971875
31,60,0.07489122580736876,0.975
31,70,0.08720105979591608,0.971875
31,80,0.14214608445763588,0.93125
31,90,0.09764608889818191,0.965625
31,100,0.0767744617536664,0.96875
31,110,0.10448495978489518,0.971875
31,120,0.0876503026112914,0.96875
31,130,0.12146107563748956,0.9625
31,140,0.0871472617611289,0.965625
31,150,0.0706760447472334,0.971875
31,160,0.08886017743498087,0.98125
31,170,0.11918458137661218,0.946875
31,180,0.08971099546179176,0.971875
31,190,0.0913034588098526,0.96875
31,200,0.07055397788062692,0.98125
31,210,0.1074363175779581,0.965625
31,220,0.08700686022639274,0.971875
31,230,0.11515776012092829,0.953125
31,240,0.10221927277743817,0.95625
31,250,0.11590977050364018,0.95625
31,260,0.13125447779893876,0.96875
31,270,0.11346673239022494,0.965625
31,280,0.13659926317632198,0.9625
31,290,0.11275713061913847,0.95625
31,300,0.13448269963264464,0.959375
32,10,0.08300656974315643,0.96875
32,20,0.12995289135724306,0.946875
32,30,0.08850715104490518,0.975
32,40,0.08098390623927117,0.965625
32,50,0.09185177125036717,0.971875
32,60,0.0819912688806653,0.975
32,70,0.08592289965599775,0.98125
32,80,0.08141086781397462,0.96875
32,90,0.0781464233994484,0.96875
32,100,0.08410499915480614,0.971875
32,110,0.06975691672414541,0.98125
32,120,0.08870498351752758,0.96875
32,130,0.08189135128632188,0.965625
32,140,0.04879055835772306,0.978125
32,150,0.056410950422286985,0.9875
32,160,0.11879178723320365,0.959375
32,170,0.09988568788394332,0.9625
32,180,0.10340638952329755,0.95625
32,190,0.09939606497064232,0.96875
32,200,0.11816239189356566,0.959375
32,210,0.08869208507239819,0.975
32,220,0.10143944974988699,0.9625
32,230,0.0888418348506093,0.975
32,240,0.15041767321527005,0.940625
32,250,0.11579805668443441,0.95625
32,260,0.0792184790596366,0.978125
32,270,0.11339059844613075,0.96875
32,280,0.11311985645443201,0.965625
32,290,0.06568518029525876,0.978125
32,300,0.11085700429975986,0.9625
33,10,0.07350985249504446,0.975
33,20,0.09546298533678055,0.96875
33,30,0.09430203502997755,0.96875
33,40,0.0831775100901723,0.975
33,50,0.06275971475988626,0.978125
33,60,0.1024360241368413,0.96875
33,70,0.0986116487532854,0.96875
33,80,0.13255042508244513,0.94375
33,90,0.06813956759870052,0.98125
33,100,0.06612145518884063,0.984375
33,110,0.15249590259045362,0.95625
33,120,0.08804170740768313,0.978125
33,130,0.10635137781500817,0.96875
33,140,0.09910020036622882,0.965625
33,150,0.10226809605956078,0.96875
33,160,0.09858191637322307,0.959375
33,170,0.08203407670371235,0.975
33,180,0.12625746633857488,0.953125
33,190,0.09842762611806392,0.978125
33,200,0.06675442913547158,0.971875
33,210,0.0865563147701323,0.96875
33,220,0.13367509469389915,0.95625
33,230,0.12571751847863197,0.953125
33,240,0.09479945562779904,0.971875
33,250,0.1363180208951235,0.9625
33,260,0.10084395185112953,0.971875
33,270,0.10607707239687443,0.95625
33,280,0.11889382041990756,0.95625
33,290,0.11191611625254154,0.971875
33,300,0.06400288213044406,0.975
34,10,0.04456999581307173,0.990625
34,20,0.08378167673945427,0.978125
34,30,0.07975725680589676,0.96875
34,40,0.10645074541680515,0.959375
34,50,0.07116966266185046,0.978125
34,60,0.05801789555698633,0.9875
34,70,0.10493062976747751,0.96875
34,80,0.0794024249073118,0.965625
34,90,0.0888309171423316,0.9625
34,100,0.08368086451664566,0.971875
34,110,0.0885189705528319,0.975
34,120,0.10196933252736926,0.953125
34,130,0.0927202370017767,0.96875
34,140,0.06937070488929749,0.9875
34,150,0.0677437486127019,0.98125
34,160,0.1033134306780994,0.96875
34,170,0.13182961475104094,0.953125
34,180,0.0971726730465889,0.965625
34,190,0.09512538909912109,0.959375
34,200,0.12447910364717245,0.953125
34,210,0.07668088302016259,0.978125
34,220,0.13943206779658796,0.95
34,230,0.07727198246866465,0.975
34,240,0.1587091598659754,0.94375
34,250,0.07546911910176277,0.975
34,260,0.0890896022785455,0.965625
34,270,0.12215388175100088,0.9625
34,280,0.10719223963096738,0.9625
34,290,0.09481254611164332,0.96875
34,300,0.12642619255930185,0.95625
35,10,0.10274099074304104,0.95625
35,20,0.12389652840793133,0.9625
35,30,0.07475193124264479,0.975
35,40,0.07268355649430305,0.975
35,50,0.07295153085142374,0.971875
35,60,0.07915861755609513,0.975
35,70,0.07416288172826171,0.971875
35,80,0.08256792016327381,0.9625
35,90,0.0891307563520968,0.96875
35,100,0.08228038735687733,0.978125
35,110,0.11860299147665501,0.971875
35,120,0.07883960921317339,0.96875
35,130,0.06315353456884623,0.975
35,140,0.0768466836772859,0.971875
35,150,0.07183469459414482,0.978125
35,160,0.11100899847224355,0.965625
35,170,0.08796364217996597,0.965625
35,180,0.0564077528193593,0.978125
35,190,0.06083595482632518,0.984375
35,200,0.08014326319098472,0.971875
35,210,0.11623937366530299,0.96875
35,220,0.11007239427417517,0.953125
35,230,0.09826607834547758,0.96875
35,240,0.11261950954794883,0.95
35,250,0.08996378998272121,0.9625
35,260,0.10562094505876303,0.96875
35,270,0.15454009557142853,0.959375
35,280,0.09720003595575691,0.9625
35,290,0.11108367014676332,0.959375
35,300,0.13033141270279885,0.95
36,10,0.0845531590282917,0.975
36,20,0.1024385833647102,0.965625
36,30,0.1182928173802793,0.965625
36,40,0.11353414207696914,0.9625
36,50,0.08567455634474755,0.96875
36,60,0.07113312049768865,0.978125
36,70,0.11012599691748619,0.96875
36,80,0.05024114241823554,0.990625
36,90,0.06934814462438225,0.978125
36,100,0.0872174957767129,0.965625
36,110,0.04782858011312783,0.984375
36,120,0.07945018066093326,0.965625
36,130,0.05087326397188008,0.98125
36,140,0.10305830724537372,0.9625
36,150,0.05989933991804719,0.978125
36,160,0.06578332949429751,0.978125
36,170,0.041779893729835746,0.98125
36,180,0.06702682366594673,0.971875
36,190,0.09273692909628153,0.965625
36,200,0.07435403876006604,0.978125
36,210,0.1061125853098929,0.959375
36,220,0.05620553269982338,0.98125
36,230,0.10391971785575152,0.971875
36,240,0.0806367582641542,0.9625
36,250,0.09369709007441998,0.96875
36,260,0.055077177938073874,0.98125
36,270,0.11135028731077909,0.9625
36,280,0.09050361607223749,0.95625
36,290,0.11595294885337352,0.953125
36,300,0.11762972390279174,0.959375
37,10,0.0677487848792225,0.978125
37,20,0.11549405362457037,0.953125
37,30,0.10761663694866001,0.96875
37,40,0.06729334862902761,0.975
37,50,0.07383487285114824,0.975
37,60,0.05835810732096434,0.96875
37,70,0.06830472270958125,0.978125
37,80,0.07224504686892033,0.978125
37,90,0.06363908140920102,0.975
37,100,0.05146668979432434,0.990625
37,110,0.0811091204173863,0.975
37,120,0.07465429306030273,0.96875
37,130,0.07215090366080404,0.971875
37,140,0.10351887792348861,0.971875
37,150,0.10082100997678936,0.9625
37,160,0.10238389503210783,0.9625
37,170,0.10427160374820232,0.96875
37,180,0.07392364852130413,0.971875
37,190,0.12409119484946132,0.971875
37,200,0.1554529841989279,0.953125
37,210,0.09767879508435726,0.96875
37,220,0.07727362737059593,0.98125
37,230,0.09421525672078132,0.971875
37,240,0.07585449530743063,0.971875
37,250,0.08134351968765259,0.98125
37,260,0.14406137615442277,0.934375
37,270,0.08914916887879372,0.975
37,280,0.10545648196712136,0.95625
37,290,0.11232242658734322,0.96875
37,300,0.09887517944443971,0.959375
38,10,0.08103497391566634,0.96875
38,20,0.052473703306168316,0.975
38,30,0.07249934570863843,0.98125
38,40,0.08496947148814797,0.971875
38,50,0.07849564165808261,0.971875
38,60,0.07826379183679819,0.975
38,70,0.04669126812368631,0.9875
38,80,0.08983600446954369,0.965625
38,90,0.0683833628660068,0.975
38,100,0.04665501834824681,0.98125
38,110,0.05974527825601399,0.984375
38,120,0.04633492561988532,0.98125
38,130,0.08206999711692334,0.96875
38,140,0.04314764828886837,0.98125
38,150,0.047136350604705515,0.984375
38,160,0.059942403249442576,0.975
38,170,0.08248607711866499,0.965625
38,180,0.0959525465965271,0.971875
38,190,0.07959985369816422,0.98125
38,200,0.11414514873176813,0.953125
38,210,0.05503363329917192,0.98125
38,220,0.06603821208700537,0.978125
38,230,0.05143015999346971,0.9875
38,240,0.055037925764918325,0.98125
38,250,0.12917207134887576,0.965625
38,260,0.06782385767437518,0.971875
38,270,0.08280119970440865,0.9625
38,280,0.08676306214183568,0.971875
38,290,0.10688228812068701,0.965625
38,300,0.06491786651313305,0.98125
39,10,0.1707884557545185,0.95
39,20,0.1095534160733223,0.975
39,30,0.1032890310510993,0.959375
39,40,0.0877809529658407,0.965625
39,50,0.09889988992363215,0.959375
39,60,0.11888706116005779,0.96875
39,70,0.048630046844482425,0.984375
39,80,0.08169833049178124,0.96875
39,90,0.07559591797180473,0.96875
39,100,0.05758513892069459,0.978125
39,110,0.05922527452930808,0.98125
39,120,0.07807763398741371,0.9875
39,130,0.04660369015764445,0.990625
39,140,0.09332592710852623,0.971875
39,150,0.07525664875283837,0.965625
39,160,0.08516909535974264,0.971875
39,170,0.07232748670503497,0.971875
39,180,0.07318118587136269,0.971875
39,190,0.08949919044971466,0.959375
39,200,0.06791439764201641,0.965625
39,210,0.09218306094408035,0.96875
39,220,0.08593253493309021,0.971875
39,230,0.05323205525055528,0.984375
39,240,0.10100216334685683,0.96875
39,250,0.05361145157366991,0.975
39,260,0.07733172923326492,0.984375
39,270,0.05773536872584373,0.9875
39,280,0.09604978989809751,0.96875
39,290,0.05625151679851115,0.9875
39,300,0.09643207211047411,0.965625
40,10,0.08425875543616712,0.975
40,20,0.05534393554553389,0.98125
40,30,0.07871502917259932,0.98125
40,40,0.046110596903599796,0.984375
40,50,0.0613132206723094,0.978125
40,60,0.11351814798545093,0.9625
40,70,0.043787483917549254,0.984375
40,80,0.09058088725432753,0.975
40,90,0.060819862666539846,0.98125
40,100,0.09929765090346336,0.965625
40,110,0.04912945032119751,0.990625
40,120,0.09890894987620413,0.959375
40,130,0.04671583194285631,0.9875
40,140,0.051050693774595854,0.975
40,150,0.07121754633262753,0.978125
40,160,0.06142467437312007,0.978125
40,170,0.13189708134159445,0.965625
40,180,0.05877000950276852,0.9875
40,190,0.1478962017223239,0.95
40,200,0.11990642487071454,0.971875
40,210,0.0829762808047235,0.96875
40,220,0.07067494317889214,0.971875
40,230,0.10701429629698396,0.959375
40,240,0.09576919246464968,0.95
40,250,0.09244373030960559,0.965625
40,260,0.09807281286921352,0.96875
40,270,0.07399596851319075,0.975
40,280,0.06612938570324331,0.975
40,290,0.08250859044492245,0.98125
40,300,0.0812894691945985,0.978125
41,10,0.041960531193763015,0.984375
41,20,0.03813424948602915,0.990625
41,30,0.03631299058906734,0.984375
41,40,0.0956810220144689,0.965625
41,50,0.05847840793430805,0.98125
41,60,0.07839910718612372,0.9625
41,70,0.07711451714858412,0.975
41,80,0.065731430076994,0.98125
41,90,0.09192248857580125,0.959375
41,100,0.0959467829670757,0.96875
41,110,0.07515210513956845,0.971875
41,120,0.12675355086103082,0.965625
41,130,0.06536060362122953,0.978125
41,140,0.0844951555132866,0.965625
41,150,0.059923724830150606,0.984375
41,160,0.11207979116588832,0.959375
41,170,0.06329040629789233,0.98125
41,180,0.0957779579795897,0.971875
41,190,0.10605361834168434,0.965625
41,200,0.09067842848598957,0.978125
41,210,0.04971083903219551,0.984375
41,220,0.05723509537056089,0.984375
41,230,0.07799313189461828,0.971875
41,240,0.1056342898402363,0.965625
41,250,0.054611464706249536,0.98125
41,260,0.06497152075171471,0.96875
41,270,0.09588066898286343,0.965625
41,280,0.10231065368279815,0.953125
41,290,0.08541440945118665,0.96875
41,300,0.12104141134768724,0.940625
42,10,0.08481171857565642,0.965625
42,20,0.08630206817761063,0.9625
42,30,0.056794582214206454,0.978125
42,40,0.07309426153078676,0.975
42,50,0.07119910321198404,0.975
42,60,0.06435587080195546,0.971875
42,70,0.07282682377845048,0.975
42,80,0.06204033019021153,0.96875
42,90,0.06171948257833719,0.978125
42,100,0.0791554817929864,0.975
42,110,0.08697055904194713,0.965625
42,120,0.03761068917810917,0.9875
42,130,0.057186262728646395,0.9875
42,140,0.05882775094360113,0.975
42,150,0.05054752696305513,0.9875
42,160,0.06072966605424881,0.975
42,170,0.11278179045766593,0.95625
42,180,0.06103899627923966,0.98125
42,190,0.08009615698829294,0.978125
42,200,0.07999614402651786,0.965625
42,210,0.048141460353508594,0.9875
42,220,0.06601590653881431,0.978125
42,230,0.07572386348620057,0.978125
42,240,0.06368868788704277,0.978125
42,250,0.09191487517673522,0.9625
42,260,0.06497987089678645,0.971875
42,270,0.06609717942774296,0.98125
42,280,0.06987646929919719,0.971875
42,290,0.029273684322834014,0.99375
42,300,0.056941423146054146,0.984375
43,10,0.043637676164507866,0.98125
43,20,0.0670198668492958,0.978125
43,30,0.027289204904809593,0.990625
43,40,0.04701727640349418,0.978125
43,50,0.05780395718757063,0.9875
43,60,0.05985908904112876,0.984375
43,70,0.05565280462615192,0.975
43,80,0.03441802789457142,0.9875
43,90,0.06707303319126368,0.98125
43,100,0.04961782011669129,0.98125
43,110,0.0463715011253953,0.9875
43,120,0.052220330806449056,0.984375
43,130,0.05976903671398759,0.984375
43,140,0.04095478844828904,0.9875
43,150,0.03887142473831773,0.9875
43,160,0.047949704248458146,0.984375
43,170,0.05039040921255946,0.9875
43,180,0.03267818882595748,0.9875
43,190,0.07278298754245043,0.971875
43,200,0.04456620388664305,0.9875
43,210,0.06678910511545837,0.975
43,220,0.0751424721442163,0.978125
43,230,0.036100320890545844,0.984375
43,240,0.054029011819511655,0.984375
43,250,0.10147341890260578,0.965625
43,260,0.04896660814993083,0.9875
43,270,0.06522948238998652,0.975
43,280,0.12748972915578632,0.9625
43,290,0.07001639166846871,0.978125
43,300,0.06753668738529087,0.96875
44,10,0.1253439661115408,0.96875
44,20,0.08760577633511275,0.95625
44,30,0.060019525606185196,0.975
44,40,0.07628426407463848,0.971875
44,50,0.0886889633955434,0.965625
44,60,0.07501533068716526,0.965625
44,70,0.05037371264770627,0.9875
44,80,0.0562394549138844,0.984375
44,90,0.07422176585532725,0.971875
44,100,0.05983935482800007,0.975
44,110,0.08494054973125457,0.971875
44,120,0.07221484766341746,0.975
44,130,0.07351108938455582,0.975
44,140,0.03226561569608748,0.984375
44,150,0.067071965476498,0.971875
44,160,0.06566007756628096,0.978125
44,170,0.04633467025123537,0.98125
44,180,0.058245128765702245,0.96875
44,190,0.05189963241573423,0.98125
44,200,0.04965309388935566,0.98125
44,210,0.06860620048828422,0.96875
44,220,0.09682350284419954,0.95625
44,230,0.0845587931573391,0.96875
44,240,0.04723031497560441,0.975
44,250,0.09802448749542236,0.971875
44,260,0.08531783367507159,0.978125
44,270,0.03485533054918051,0.9875
44,280,0.0736452430486679,0.98125
44,290,0.07052248315885663,0.978125
44,300,0.134128912165761,0.95
45,10,0.08710867073386908,0.96875
45,20,0.051577550894580784,0.98125
45,30,0.05656469017267227,0.978125
45,40,0.04761738264933228,0.9875
45,50,0.05838785381056368,0.98125
45,60,0.059758188854902985,0.975
45,70,0.10485802576877176,0.95
45,80,0.0942033334635198,0.975
45,90,0.07721765730530024,0.975
45,100,0.043377790204249325,0.990625
45,110,0.10483244471251965,0.9625
45,120,0.05802669762633741,0.971875
45,130,0.08544513205997646,0.95625
45,140,0.07757175439037382,0.971875
45,150,0.0918569809757173,0.975
45,160,0.06498051554663106,0.978125
45,170,0.052184964343905446,0.990625
45,180,0.08942455761134624,0.965625
45,190,0.05372450957074761,0.98125
45,200,0.07735845297574998,0.96875
45,210,0.07657815641723573,0.978125
45,220,0.04593520201742649,0.984375
45,230,0.052597566973418,0.98125
45,240,0.09278863385552541,0.9625
45,250,0.11604299223981798,0.95625
45,260,0.0579640943557024,0.971875
45,270,0.06948878560215235,0.975
45,280,0.10966931171715259,0.959375
45,290,0.0923149906564504,0.971875
45,300,0.1010090350639075,0.971875
46,10,0.08892041048966348,0.965625
46,20,0.09842590503394603,0.9625
46,30,0.0753215553238988,0.98125
46,40,0.08822382050566376,0.971875
46,50,0.061589413415640594,0.978125
46,60,0.02778569811489433,0.990625
46,70,0.07307882301975041,0.98125
46,80,0.032689067302271724,0.984375
46,90,0.05592744436580688,0.975
46,100,0.04975755247287452,0.975
46,110,0.05983135299757123,0.975
46,120,0.022563207289204003,0.996875
46,130,0.07411629830021411,0.965625
46,140,0.045646552741527555,0.984375
46,150,0.06950359167531132,0.978125
46,160,0.06967142634093762,0.96875
46,170,0.06106814292725175,0.978125
46,180,0.049962253961712125,0.984375
46,190,0.05686508405487985,0.9875
46,200,0.0299991209525615,0.99375
46,210,0.09515301934443414,0.975
46,220,0.086190288932994,0.971875
46,230,0.05557652395218611,0.98125
46,240,0.09521148158237339,0.9625
46,250,0.07678244058042764,0.9625
46,260,0.06515194629319013,0.978125
46,270,0.09837459377013147,0.96875
46,280,0.07738453950732946,0.978125
46,290,0.06108190559316427,0.971875
46,300,0.06167928106151521,0.975
47,10,0.05887960577383637,0.975
47,20,0.08041025847196578,0.971875
47,30,0.10835559135302901,0.965625
47,40,0.06653968105092645,0.975
47,50,0.11301926597952842,0.965625
47,60,0.07004913268610835,0.975
47,70,0.11007917474489659,0.9625
47,80,0.15254758382216096,0.9625
47,90,0.06253164694644511,0.984375
47,100,0.09574046051129699,0.9625
47,110,0.035722048580646516,0.990625
47,120,0.04320719633251428,0.984375
47,130,0.06622796226292849,0.98125
47,140,0.06833035703748465,0.975
47,150,0.03559716823510826,0.990625
47,160,0.07039849068969488,0.975
47,170,0.034243151126429436,0.9875
47,180,0.04068993953987956,0.984375
47,190,0.05901660826057196,0.975
47,200,0.04822318246588111,0.98125
47,210,0.02369942795485258,0.99375
47,220,0.06158260945230722,0.98125
47,230,0.0716177905909717,0.971875
47,240,0.051912345876917246,0.978125
47,250,0.057591830287128686,0.975
47,260,0.062146884575486186,0.978125
47,270,0.03812325922772288,0.990625
47,280,0.039026140607893466,0.9875
47,290,0.03315878335852176,0.984375
47,300,0.06964829443022609,0.975
48,10,0.023297384544275702,0.990625
48,20,0.0770701652392745,0.971875
48,30,0.06575792005751283,0.978125
48,40,0.0501775034237653,0.975
48,50,0.08029792993329465,0.9875
48,60,0.045297107798978685,0.984375
48,70,0.014726577210240066,1.0
48,80,0.06262774809729307,0.984375
48,90,0.0708648226223886,0.975
48,100,0.04995343243936077,0.98125
48,110,0.05207747959066182,0.98125
48,120,0.07113223914057017,0.96875
48,130,0.07063197577372193,0.96875
48,140,0.05932999604847282,0.984375
48,150,0.0573515335097909,0.98125
48,160,0.08763327775523067,0.96875
48,170,0.059213561657816174,0.9875
48,180,0.05849839942529798,0.978125
48,190,0.05173238990828395,0.98125
48,200,0.07864228002727032,0.975
48,210,0.061325105093419555,0.978125
48,220,0.04188618361949921,0.984375
48,230,0.09865741541143506,0.96875
48,240,0.0457252262160182,0.990625
48,250,0.04525476093403995,0.984375
48,260,0.06779056061059237,0.96875
48,270,0.05057487403973937,0.978125
48,280,0.03677880694158375,0.984375
48,290,0.04351654564961791,0.9875
48,300,0.042018060106784105,0.984375
49,10,0.0334494119277224,0.990625
49,20,0.020696093002334236,0.99375
49,30,0.07410926772281527,0.971875
49,40,0.08644679505378008,0.971875
49,50,0.0353569632396102,0.9875
49,60,0.07578530367463827,0.978125
49,70,0.045357495569624005,0.98125
49,80,0.05449008026625961,0.975
49,90,0.03140977248549461,0.99375
49,100,0.05699943648651242,0.990625
49,110,0.04923350738827139,0.984375
49,120,0.08630611198022961,0.959375
49,130,0.07137240490410476,0.978125
49,140,0.05611733212135732,0.98125
49,150,0.09605688634328544,0.971875
49,160,0.03557906139176339,0.9875
49,170,0.12366405315697193,0.95625
49,180,0.04981632446870208,0.98125
49,190,0.05547304870560765,0.984375
49,200,0.06944856892805547,0.9625
49,210,0.09885863773524761,0.975
49,220,0.06357801356352866,0.9875
49,230,0.1098334894515574,0.965625
49,240,0.07613198226317763,0.971875
49,250,0.087286586035043,0.9625
49,260,0.12343595456331968,0.9625
49,270,0.11540220843162388,0.9625
49,280,0.06037862068042159,0.9875
49,290,0.060625021997839215,0.98125
49,300,0.07745810365304351,0.975
