0,10,3.384841227531433,0.178125
0,20,2.7400732040405273,0.371875
0,30,2.6035524368286134,0.346875
0,40,2.449016833305359,0.409375
0,50,2.2179395079612734,0.453125
0,60,2.2107366561889648,0.45625
0,70,2.0882508635520933,0.48125
0,80,2.0041749715805053,0.490625
0,90,1.9165205717086793,0.496875
0,100,1.9102691411972046,0.50625
0,110,1.8662527918815612,0.5
0,120,1.8350592732429505,0.5125
0,130,1.7009105920791625,0.546875
0,140,1.6152241826057434,0.5625
0,150,1.6157780289649963,0.56875
0,160,1.5794390320777894,0.571875
0,170,1.6313546776771546,0.55625
0,180,1.4888889789581299,0.6125
0,190,1.4590229511260986,0.609375
0,200,1.5308425068855285,0.590625
0,210,1.3536959409713745,0.58125
0,220,1.389756441116333,0.63125
0,230,1.4391967177391052,0.590625
0,240,1.3870388746261597,0.6
0,250,1.3147685170173644,0.61875
0,260,1.4634642481803894,0.56875
0,270,1.3702618837356568,0.596875
0,280,1.4773154497146606,0.5875
0,290,1.235499805212021,0.646875
0,300,1.2493547558784486,0.640625
1,10,1.1224754333496094,0.65625
1,20,1.1871476769447327,0.653125
1,30,1.1351118803024292,0.684375
1,40,1.0050724685192107,0.71875
1,50,1.0836919844150543,0.68125
1,60,1.1424509644508363,0.675
1,70,0.9962979614734649,0.69375
1,80,1.0924177587032318,0.675
1,90,1.0567855358123779,0.66875
1,100,1.0314328372478485,0.70625
1,110,1.0731318771839142,0.671875
1,120,1.0609864354133607,0.625
1,130,0.9395615100860596,0.725
1,140,0.8649996519088745,0.728125
1,150,1.0564089596271515,0.684375
1,160,0.9370085597038269,0.721875
1,170,0.9187381446361542,0.7125
1,180,0.9915059924125671,0.70625
1,190,0.8582243680953979,0.759375
1,200,0.9347238123416901,0.721875
1,210,0.8699072957038879,0.73125
1,220,0.7305554360151291,0.775
1,230,0.955989933013916,0.7
1,240,0.8275456428527832,0.78125
1,250,0.7408237099647522,0.79375
1,260,0.7928576529026031,0.765625
1,270,0.8976320564746857,0.759375
1,280,0.7537119328975678,0.76875
1,290,0.9391463041305542,0.753125
1,300,0.7724340498447418,0.796875
2,10,0.644128891825676,0.8125
2,20,0.6825105160474777,0.809375
2,30,0.6298706084489822,0.83125
2,40,0.7114574998617172,0.775
2,50,0.6142500400543213,0.8
2,60,0.6214972376823426,0.834375
2,70,0.6642335742712021,0.81875
2,80,0.7395058363676071,0.7875
2,90,0.7209500879049301,0.784375
2,100,0.6186226308345795,0.784375
2,110,0.6060015261173248,0.821875
2,120,0.6883705824613571,0.796875
2,130,0.7615682542324066,0.78125
2,140,0.5943780243396759,0.828125
2,150,0.6551077693700791,0.84375
2,160,0.6252856224775314,0.809375
2,170,0.583950600028038,0.840625
2,180,0.7254935085773468,0.8
2,190,0.6605829924345017,0.809375
2,200,0.6124681830406189,0.821875
2,210,0.5870355427265167,0.828125
2,220,0.6315486937761307,0.796875
2,230,0.7022133588790893,0.78125
2,240,0.7074006348848343,0.7875
2,250,0.6322360217571259,0.76875
2,260,0.7578119963407517,0.784375
2,270,0.7771433591842651,0.790625
2,280,0.630075317621231,0.80625
2,290,0.6399217635393143,0.809375
2,300,0.6952978670597076,0.778125
3,10,0.46384536325931547,0.85
3,20,0.5492885112762451,0.84375
3,30,0.5292345076799393,0.84375
3,40,0.6088845252990722,0.815625
3,50,0.48588659167289733,0.846875
3,60,0.6411483258008956,0.825
3,70,0.5089302748441696,0.865625
3,80,0.5204269319772721,0.846875
3,90,0.5356615230441093,0.840625
3,100,0.5727185636758805,0.796875
3,110,0.42669410407543185,0.88125
3,120,0.48103840947151183,0.85625
3,130,0.48120125085115434,0.865625
3,140,0.5518821746110916,0.834375
3,150,0.5581281214952469,0.846875
3,160,0.5002769619226456,0.8375
3,170,0.4963577717542648,0.85
3,180,0.5657390624284744,0.821875
3,190,0.5169558644294738,0.853125
3,200,0.5736408174037934,0.815625
3,210,0.5798328965902328,0.8375
3,220,0.4560167774558067,0.859375
3,230,0.47452645748853683,0.85
3,240,0.4892406195402145,0.88125
3,250,0.5390642374753952,0.840625
3,260,0.5127643465995788,0.8375
3,270,0.4902739629149437,0.85625
3,280,0.5694702804088593,0.834375
3,290,0.48508878126740457,0.825
3,300,0.6199204817414283,0.815625
4,10,0.402558958530426,0.88125
4,20,0.5338936775922776,0.825
4,30,0.4243814066052437,0.871875
4,40,0.40070565342903136,0.890625
4,50,0.45574616491794584,0.85
4,60,0.47531454265117645,0.85625
4,70,0.4170365840196609,0.86875
4,80,0.4798212893307209,0.86875
4,90,0.4600156992673874,0.871875
4,100,0.43426295518875124,0.865625
4,110,0.4601335048675537,0.86875
4,120,0.5172902166843414,0.846875
4,130,0.35233360677957537,0.89375
4,140,0.4747894912958145,0.828125
4,150,0.44039361625909806,0.853125
4,160,0.40335672050714494,0.884375
4,170,0.5388880223035812,0.840625
4,180,0.4223712086677551,0.865625
4,190,0.493859189748764,0.8375
4,200,0.47138527780771255,0.846875
4,210,0.5118375986814498,0.83125
4,220,0.4549484744668007,0.859375
4,230,0.39374294728040693,0.90625
4,240,0.39955422580242156,0.884375
4,250,0.43767361491918566,0.859375
4,260,0.5804046362638473,0.81875
4,270,0.5665766030550003,0.840625
4,280,0.41604818105697633,0.875
4,290,0.5122534543275833,0.828125
4,300,0.4231218323111534,0.8625
5,10,0.30183134526014327,0.896875
5,20,0.3091039195656776,0.896875
5,30,0.47003008127212526,0.853125
5,40,0.3661175757646561,0.890625
5,50,0.40840996652841566,0.865625
5,60,0.42888686507940293,0.8875
5,70,0.42606588304042814,0.8625
5,80,0.45900506228208543,0.8625
5,90,0.4222051680088043,0.8625
5,100,0.33029002845287325,0.8875
5,110,0.4054791644215584,0.871875
5,120,0.45214136242866515,0.86875
5,130,0.44998296797275544,0.875
5,140,0.437340521812439,0.85625
5,150,0.35237112939357756,0.9
5,160,0.3329148769378662,0.89375
5,170,0.40765688866376876,0.88125
5,180,0.3175161615014076,0.8875
5,190,0.47832618951797484,0.83125
5,200,0.4562320426106453,0.85
5,210,0.4434970051050186,0.86875
5,220,0.420968534052372,0.884375
5,230,0.369597290456295,0.871875
5,240,0.4453865513205528,0.8625
5,250,0.36992768198251724,0.875
5,260,0.3623062610626221,0.890625
5,270,0.3903062537312508,0.88125
5,280,0.4246500298380852,0.85
5,290,0.36225377172231676,0.884375
5,300,0.3720992162823677,0.875
6,10,0.4762086570262909,0.846875
6,20,0.35902037769556044,0.865625
6,30,0.416454105079174,0.88125
6,40,0.3585661262273788,0.88125
6,50,0.3572317987680435,0.884375
6,60,0.36784888356924056,0.89375
6,70,0.29348023533821105,0.89375
6,80,0.3500730276107788,0.878125
6,90,0.3857082903385162,0.871875
6,100,0.34184748530387876,0.8875
6,110,0.4231912910938263,0.89375
6,120,0.33724222481250765,0.878125
6,130,0.3038607105612755,0.9125
6,140,0.40639240592718123,0.8625
6,150,0.3202946275472641,0.896875
6,160,0.3216346278786659,0.9
6,170,0.3127841129899025,0.9
6,180,0.3126442193984985,0.9
6,190,0.2945073463022709,0.925
6,200,0.2605512455105782,0.9125
6,210,0.36664801388978957,0.871875
6,220,0.31759814321994784,0.89375
6,230,0.3606483057141304,0.8625
6,240,0.34993040561676025,0.878125
6,250,0.26661506444215777,0.909375
6,260,0.3587738111615181,0.884375
6,270,0.3470904499292374,0.8875
6,280,0.3578702062368393,0.884375
6,290,0.3822054609656334,0.878125
6,300,0.34643291085958483,0.890625
7,10,0.2922587230801582,0.903125
7,20,0.3120819926261902,0.890625
7,30,0.361928391456604,0.9
7,40,0.4187898561358452,0.859375
7,50,0.34539858996868134,0.884375
7,60,0.27917146012187005,0.90625
7,70,0.3529158741235733,0.875
7,80,0.4312864914536476,0.86875
7,90,0.3285659745335579,0.9
7,100,0.2786767303943634,0.915625
7,110,0.38713493198156357,0.86875
7,120,0.35866343304514886,0.875
7,130,0.23607138618826867,0.940625
7,140,0.3065777413547039,0.90625
7,150,0.38393686413764955,0.890625
7,160,0.3194999396800995,0.89375
7,170,0.30164843797683716,0.9125
7,180,0.2937707841396332,0.890625
7,190,0.3321328178048134,0.90625
7,200,0.3094261482357979,0.878125
7,210,0.3447963118553162,0.90625
7,220,0.42107268422842026,0.865625
7,230,0.411156465113163,0.8625
7,240,0.3166138634085655,0.903125
7,250,0.3141669049859047,0.921875
7,260,0.37313981875777247,0.89375
7,270,0.3383585959672928,0.9
7,280,0.31988423615694045,0.896875
7,290,0.37427113950252533,0.88125
7,300,0.3682460695505142,0.9
8,10,0.22575360164046288,0.940625
8,20,0.30783537589013577,0.89375
8,30,0.33368341326713563,0.9
8,40,0.27289105877280234,0.9125
8,50,0.3364313095808029,0.903125
8,60,0.39086433947086335,0.884375
8,70,0.33224489390850065,0.9
8,80,0.2869861304759979,0.9
8,90,0.4033063068985939,0.8625
8,100,0.29469991773366927,0.89375
8,110,0.31445014476776123,0.903125
8,120,0.34488542675971984,0.909375
8,130,0.2781379550695419,0.90625
8,140,0.3060870453715324,0.915625
8,150,0.3062275603413582,0.909375
8,160,0.2679471507668495,0.915625
8,170,0.32096857726573946,0.896875
8,180,0.30936522856354715,0.9
8,190,0.33811548799276353,0.8875
8,200,0.23127331212162971,0.909375
8,210,0.3799688443541527,0.884375
8,220,0.32815928012132645,0.896875
8,230,0.3536669373512268,0.8875
8,240,0.28233334720134734,0.9
8,250,0.28047352358698846,0.90625
8,260,0.28425920382142067,0.903125
8,270,0.22989338934421538,0.91875
8,280,0.1935150593519211,0.93125
8,290,0.3929732903838158,0.871875
8,300,0.2860074371099472,0.90625
9,10,0.2783185102045536,0.890625
9,20,0.3881828740239143,0.871875
9,30,0.3235358916223049,0.8875
9,40,0.31215060874819756,0.896875
9,50,0.2327781245112419,0.925
9,60,0.2761837273836136,0.915625
9,70,0.36043770164251326,0.878125
9,80,0.28004205971956253,0.9125
9,90,0.29068061262369155,0.90625
9,100,0.2259195178747177,0.925
9,110,0.2529057115316391,0.921875
9,120,0.28524121195077895,0.89375
9,130,0.2416905142366886,0.9125
9,140,0.3084846153855324,0.915625
9,150,0.21400269418954848,0.925
9,160,0.27082533910870554,0.909375
9,170,0.2335399143397808,0.934375
9,180,0.36512688994407655,0.875
9,190,0.23637269362807273,0.93125
9,200,0.24156781025230883,0.91875
9,210,0.321628437936306,0.871875
9,220,0.29884909465909004,0.903125
9,230,0.2904098302125931,0.925
9,240,0.2869125589728355,0.903125
9,250,0.3318370059132576,0.884375
9,260,0.31569391340017317,0.909375
9,270,0.2786905787885189,0.915625
9,280,0.2707859963178635,0.91875
9,290,0.2584952421486378,0.925
9,300,0.33667833283543586,0.896875
10,10,0.27571168132126334,0.91875
10,20,0.1787549190223217,0.95
10,30,0.22951965034008026,0.91875
10,40,0.18000521399080754,0.940625
10,50,0.3136705160140991,0.90625
10,60,0.4109433487057686,0.875
10,70,0.2304235279560089,0.921875
10,80,0.24486424028873444,0.915625
10,90,0.2364378720521927,0.934375
10,100,0.29209854602813723,0.9
10,110,0.26523864455521107,0.903125
10,120,0.2561809651553631,0.915625
10,130,0.3038922712206841,0.89375
10,140,0.37524859607219696,0.859375
10,150,0.28553914874792097,0.90625
10,160,0.2759872376918793,0.903125
10,170,0.2744541376829147,0.90625
10,180,0.25846000462770463,0.921875
10,190,0.2510289058089256,0.903125
10,200,0.3167351260781288,0.903125
10,210,0.3993170738220215,0.840625
10,220,0.21708030290901661,0.9375
10,230,0.3064217984676361,0.915625
10,240,0.28741357624530794,0.90625
10,250,0.25223580226302145,0.934375
10,260,0.2691254815086722,0.921875
10,270,0.28276021853089334,0.903125
10,280,0.2574374467134476,0.9125
10,290,0.20739859938621522,0.95
10,300,0.2576094076037407,0.91875
11,10,0.22194098979234694,0.9375
11,20,0.3302313834428787,0.878125
11,30,0.2650440350174904,0.915625
11,40,0.24721830263733863,0.921875
11,50,0.2546235453337431,0.890625
11,60,0.2770639002323151,0.909375
11,70,0.2497897267341614,0.909375
11,80,0.1833746075630188,0.95
11,90,0.2831782534718513,0.896875
11,100,0.31186590939760206,0.884375
11,110,0.238627091050148,0.921875
11,120,0.19103125482797623,0.9375
11,130,0.20113481804728509,0.940625
11,140,0.2231770597398281,0.9125
11,150,0.2046013053506613,0.93125
11,160,0.22538119405508042,0.928125
11,170,0.25679811984300616,0.9125
11,180,0.2342909224331379,0.928125
11,190,0.23798710256814956,0.928125
11,200,0.27875549495220187,0.921875
11,210,0.2432732306420803,0.94375
11,220,0.24933965057134627,0.915625
11,230,0.27599804997444155,0.90625
11,240,0.17960741221904755,0.946875
11,250,0.1868082445114851,0.928125
11,260,0.2048739232122898,0.921875
11,270,0.2394438438117504,0.921875
11,280,0.2534509226679802,0.940625
11,290,0.304842384904623,0.925
11,300,0.23192596435546875,0.915625
12,10,0.20639676470309495,0.93125
12,20,0.29634428322315215,0.9
12,30,0.14002318009734155,0.95625
12,40,0.16694332771003245,0.953125
12,50,0.27315652221441267,0.903125
12,60,0.17616495285183192,0.953125
12,70,0.219534769654274,0.90625
12,80,0.196833161637187,0.94375
12,90,0.18647652640938758,0.928125
12,100,0.18508558310568332,0.940625
12,110,0.23652804791927337,0.91875
12,120,0.18150888420641423,0.95
12,130,0.1860959678888321,0.934375
12,140,0.29633148610591886,0.9125
12,150,0.22855085581541063,0.934375
12,160,0.29474166631698606,0.9125
12,170,0.24257127344608306,0.928125
12,180,0.23477789387106895,0.928125
12,190,0.3197090581059456,0.8875
12,200,0.21863785088062287,0.915625
12,210,0.20722143352031708,0.921875
12,220,0.2041931852698326,0.940625
12,230,0.2551295131444931,0.909375
12,240,0.2096257507801056,0.9125
12,250,0.1820980202406645,0.934375
12,260,0.19425827786326408,0.934375
12,270,0.1606031211093068,0.953125
12,280,0.1751016430556774,0.94375
12,290,0.1972343534231186,0.940625
12,300,0.306246654689312,0.8875
13,10,0.1580632094293833,0.9375
13,20,0.2164694547653198,0.928125
13,30,0.16680641770362853,0.9375
13,40,0.16923567187041044,0.940625
13,50,0.20582509711384772,0.934375
13,60,0.19979075342416763,0.9375
13,70,0.21161898076534272,0.95
13,80,0.19644027277827264,0.94375
13,90,0.1891065115109086,0.934375
13,100,0.1934473007917404,0.940625
13,110,0.15943044498562814,0.940625
13,120,0.17420981600880622,0.93125
13,130,0.20527815595269203,0.921875
13,140,0.2042901784181595,0.928125
13,150,0.2668673247098923,0.9125
13,160,0.18263055570423603,0.953125
13,170,0.21352216377854347,0.946875
13,180,0.23381391242146493,0.909375
13,190,0.23043306060135366,0.921875
13,200,0.20000380128622056,0.93125
13,210,0.18753296956419946,0.9375
13,220,0.21723484992980957,0.93125
13,230,0.32294050604104996,0.9
13,240,0.2237454939633608,0.91875
13,250,0.2604480557143688,0.928125
13,260,0.19508479163050652,0.940625
13,270,0.21753338426351548,0.93125
13,280,0.2334192708134651,0.909375
13,290,0.25784202106297016,0.925
13,300,0.19838875755667687,0.953125
14,10,0.18558797128498555,0.946875
14,20,0.19822134897112847,0.9375
14,30,0.17280005142092705,0.95
14,40,0.15739299431443216,0.959375
14,50,0.19515042304992675,0.934375
14,60,0.2301459889858961,0.921875
14,70,0.24180378019809723,0.909375
14,80,0.22827306687831878,0.934375
14,90,0.2609566181898117,0.903125
14,100,0.20268965587019921,0.934375
14,110,0.26462376937270166,0.909375
14,120,0.15236613005399705,0.946875
14,130,0.24394208192825317,0.921875
14,140,0.23728938698768615,0.93125
14,150,0.1893958978354931,0.94375
14,160,0.23731975071132183,0.921875
14,170,0.12384116798639297,0.9625
14,180,0.17802731022238732,0.934375
14,190,0.2495589390397072,0.915625
14,200,0.2672412067651749,0.909375
14,210,0.32124189138412473,0.8875
14,220,0.27104938626289365,0.928125
14,230,0.2594855189323425,0.90625
14,240,0.26184159964323045,0.91875
14,250,0.22063507549464703,0.928125
14,260,0.25963685736060144,0.921875
14,270,0.23739355355501174,0.90625
14,280,0.33214222714304925,0.9
14,290,0.16185657382011415,0.94375
14,300,0.17053722888231276,0.946875
15,10,0.198143819719553,0.934375
15,20,0.2092965289950371,0.925
15,30,0.199680507555604,0.946875
15,40,0.16519777681678532,0.9625
15,50,0.18454934507608414,0.94375
15,60,0.18038796447217464,0.940625
15,70,0.20205625668168067,0.9375
15,80,0.18825399205088617,0.9375
15,90,0.2559382651001215,0.921875
15,100,0.2025280088186264,0.928125
15,110,0.20688096806406975,0.934375
15,120,0.19347139894962312,0.94375
15,130,0.2333296485245228,0.915625
15,140,0.19699875637888908,0.934375
15,150,0.17557791266590356,0.94375
15,160,0.17288371231406927,0.9375
15,170,0.20105095505714415,0.921875
15,180,0.15763812959194184,0.946875
15,190,0.14492828026413918,0.959375
15,200,0.24805986769497396,0.91875
15,210,0.19681280925869943,0.934375
15,220,0.17065795212984086,0.940625
15,230,0.1649399407207966,0.953125
15,240,0.18627685233950614,0.953125
15,250,0.18592886067926884,0.9375
15,260,0.16959827840328218,0.928125
15,270,0.1539779406040907,0.94375
15,280,0.20994014032185077,0.93125
15,290,0.18542322851717472,0.93125
15,300,0.16284014899283647,0.940625
16,10,0.11296694427728653,0.965625
16,20,0.16743045151233674,0.940625
16,30,0.1427620343863964,0.946875
16,40,0.15819079875946046,0.9375
16,50,0.12872323729097843,0.959375
16,60,0.17273028381168842,0.940625
16,70,0.16735676042735576,0.94375
16,80,0.17569910027086735,0.9375
16,90,0.2498713955283165,0.90625
16,100,0.1820351280272007,0.93125
16,110,0.23268201425671578,0.925
16,120,0.19394411593675615,0.934375
16,130,0.19101286306977272,0.928125
16,140,0.15798462256789209,0.94375
16,150,0.22532325573265552,0.925
16,160,0.23411570787429808,0.915625
16,170,0.2201548270881176,0.925
16,180,0.18594612292945384,0.95625
16,190,0.16472239531576632,0.95
16,200,0.19337755925953387,0.9375
16,210,0.14906554855406284,0.94375
16,220,0.1918032631278038,0.928125
16,230,0.1699099112302065,0.959375
16,240,0.20337529219686984,0.93125
16,250,0.20541711002588273,0.921875
16,260,0.23612791746854783,0.9125
16,270,0.20333791710436344,0.925
16,280,0.20669514536857606,0.921875
16,290,0.19914789944887162,0.925
16,300,0.22743644937872887,0.93125
17,10,0.1952850729227066,0.9375
17,20,0.19757776260375975,0.9375
17,30,0.21185198798775673,0.915625
17,40,0.1510066993534565,0.94375
17,50,0.19166131131350994,0.9375
17,60,0.2622228294610977,0.90625
17,70,0.1484129548072815,0.95
17,80,0.20060403309762478,0.925
17,90,0.243194580078125,0.9125
17,100,0.17814452722668647,0.940625
17,110,0.23602475821971894,0.915625
17,120,0.19582464247941972,0.940625
17,130,0.19938303753733636,0.928125
17,140,0.19256403893232346,0.9375
17,150,0.20975075829774142,0.946875
17,160,0.18131433799862862,0.940625
17,170,0.11357912849634885,0.95625
17,180,0.1743357852101326,0.940625
17,190,0.1534210281446576,0.934375
17,200,0.17495571300387383,0.940625
17,210,0.16085210498422384,0.928125
17,220,0.17303262352943422,0.94375
17,230,0.1454778216779232,0.953125
17,240,0.16356417536735535,0.94375
17,250,0.24130813889205455,0.93125
17,260,0.23851456195116044,0.9125
17,270,0.1705734644085169,0.940625
17,280,0.2438122805207968,0.9375
17,290,0.23876596242189407,0.91875
17,300,0.18806849867105485,0.934375
18,10,0.2176195427775383,0.925
18,20,0.17975045293569564,0.934375
18,30,0.18035882338881493,0.928125
18,40,0.12877133376896382,0.9625
18,50,0.22516441717743874,0.915625
18,60,0.15475484244525434,0.940625
18,70,0.10876880921423435,0.965625
18,80,0.13389857038855552,0.959375
18,90,0.15866984352469443,0.940625
18,100,0.15323503129184246,0.95625
18,110,0.1949363976716995,0.925
18,120,0.21994653418660165,0.934375
18,130,0.17465943321585656,0.946875
18,140,0.1282036479562521,0.953125
18,150,0.17689991146326065,0.921875
18,160,0.11051147095859051,0.9625
18,170,0.1716478258371353,0.946875
18,180,0.1484787605702877,0.95625
18,190,0.11228462159633637,0.959375
18,200,0.14584706351161003,0.959375
18,210,0.14613357707858085,0.95
18,220,0.1995568260550499,0.93125
18,230,0.14546791426837444,0.95
18,240,0.16701955124735832,0.94375
18,250,0.18900802507996559,0.940625
18,260,0.15938963629305364,0.946875
18,270,0.1735588289797306,0.9375
18,280,0.23868591487407684,0.925
18,290,0.15634687691926957,0.95625
18,300,0.17332908213138581,0.94375
19,10,0.14271644540131093,0.95
19,20,0.1264543291181326,0.95
19,30,0.1747443422675133,0.946875
19,40,0.1513738537207246,0.946875
19,50,0.12241855319589376,0.965625
19,60,0.1163043987005949,0.953125
19,70,0.14914964847266673,0.94375
19,80,0.12572110891342164,0.953125
19,90,0.19511979520320893,0.934375
19,100,0.12346353642642498,0.953125
19,110,0.13378499411046504,0.946875
19,120,0.13435397781431674,0.95
19,130,0.12558137429878116,0.9625
19,140,0.18042607605457306,0.934375
19,150,0.22087374106049537,0.91875
19,160,0.15115578100085258,0.946875
19,170,0.15046229735016822,0.94375
19,180,0.12194270603358745,0.95625
19,190,0.15763382613658905,0.9375
19,200,0.13703458085656167,0.95
19,210,0.151661329343915,0.953125
19,220,0.19051997400820256,0.928125
19,230,0.1933333769440651,0.93125
19,240,0.14569999761879443,0.965625
19,250,0.20048016346991063,0.93125
19,260,0.15853407979011536,0.94375
19,270,0.219216550886631,0.928125
19,280,0.24237061552703382,0.921875
19,290,0.204019258916378,0.93125
19,300,0.18690293952822684,0.94375
20,10,0.14900625981390475,0.940625
20,20,0.1695592597126961,0.94375
20,30,0.13153366148471832,0.959375
20,40,0.18657870180904865,0.940625
20,50,0.09091033544391394,0.965625
20,60,0.13810924403369426,0.953125
20,70,0.12442610636353493,0.95
20,80,0.17485741153359413,0.94375
20,90,0.12186172865331173,0.946875
20,100,0.16136058866977693,0.940625
20,110,0.13463048078119755,0.959375
20,120,0.1324824310839176,0.94375
20,130,0.1310288690030575,0.959375
20,140,0.17556412145495415,0.94375
20,150,0.1973872125148773,0.928125
20,160,0.12934715151786805,0.95
20,170,0.16266781687736512,0.93125
20,180,0.17915483973920346,0.940625
20,190,0.20213999673724176,0.934375
20,200,0.1498418226838112,0.946875
20,210,0.18873492553830146,0.9375
20,220,0.17339237295091153,0.934375
20,230,0.18389870934188365,0.9375
20,240,0.17009561881422997,0.95
20,250,0.1379275992512703,0.95625
20,260,0.19175202250480652,0.928125
20,270,0.20136465653777122,0.93125
20,280,0.21966606341302394,0.9375
20,290,0.13676144890487194,0.94375
20,300,0.2227208770811558,0.928125
21,10,0.13254230432212352,0.95625
21,20,0.17908361926674843,0.925
21,30,0.1316296711564064,0.95625
21,40,0.13958627060055734,0.94375
21,50,0.13423817977309227,0.9625
21,60,0.10164696294814349,0.96875
21,70,0.10532138077542186,0.959375
21,80,0.14010821711272,0.94375
21,90,0.12388189397752285,0.953125
21,100,0.13758444152772425,0.959375
21,110,0.11221283990889788,0.971875
21,120,0.16258821580559016,0.953125
21,130,0.1424009196460247,0.95
21,140,0.10757728703320027,0.965625
21,150,0.13246408253908157,0.946875
21,160,0.05029145386070013,0.996875
21,170,0.11561602167785168,0.95
21,180,0.1290061032399535,0.959375
21,190,0.19274861942976712,0.934375
21,200,0.11865290179848671,0.95
21,210,0.13895386066287757,0.953125
21,220,0.19489742144942285,0.934375
21,230,0.15253664869815112,0.94375
21,240,0.1474702081643045,0.95
21,250,0.1949622705578804,0.93125
21,260,0.1831679068505764,0.946875
21,270,0.13323884606361389,0.9625
21,280,0.13408249840140343,0.940625
21,290,0.1953473135828972,0.9375
21,300,0.12975719524547458,0.9625
22,10,0.15797282233834267,0.93125
22,20,0.17742205448448659,0.95625
22,30,0.17229930981993674,0.95
22,40,0.12672287710011004,0.9625
22,50,0.1373722158372402,0.95
22,60,0.07569349948316813,0.978125
22,70,0.14150682985782623,0.9625
22,80,0.08182828109711408,0.98125
22,90,0.08833034858107566,0.96875
22,100,0.1482533745467663,0.9375
22,110,0.1674092434346676,0.940625
22,120,0.13329194746911527,0.953125
22,130,0.13468940015882253,0.965625
22,140,0.11007558330893516,0.971875
22,150,0.12109082750976086,0.959375
22,160,0.16452750377357006,0.959375
22,170,0.12982895225286484,0.95625
22,180,0.11049936898052692,0.9625
22,190,0.15625674463808537,0.934375
22,200,0.1223124410957098,0.965625
22,210,0.1591928031295538,0.94375
22,220,0.14077046290040016,0.946875
22,230,0.11456954851746559,0.975
22,240,0.135261882096529,0.946875
22,250,0.12442847304046153,0.95625
22,260,0.1417461208999157,0.953125
22,270,0.23131069019436837,0.928125
22,280,0.1827009242027998,0.93125
22,290,0.17411028146743773,0.953125
22,300,0.19682935178279876,0.95
23,10,0.17726558521389962,0.925
23,20,0.14526239652186632,0.946875
23,30,0.12627424374222757,0.959375
23,40,0.13734230846166612,0.95625
23,50,0.1413169361650944,0.95625
23,60,0.1395226030610502,0.946875
23,70,0.1394612558186054,0.94375
23,80,0.18252090588212014,0.93125
23,90,0.16034323014318944,0.95
23,100,0.1298478040844202,0.965625
23,110,0.1667502759024501,0.94375
23,120,0.18166421055793763,0.95
23,130,0.15745273903012275,0.9375
23,140,0.15603325963020326,0.9375
23,150,0.15306538790464402,0.946875
23,160,0.18573091328144073,0.925
23,170,0.1576439592987299,0.9375
23,180,0.12316366732120514,0.95625
23,190,0.14587257634848355,0.9375
23,200,0.1289695452898741,0.95625
23,210,0.17987289428710937,0.934375
23,220,0.1619224201887846,0.946875
23,230,0.10060263052582741,0.978125
23,240,0.1148217361420393,0.971875
23,250,0.1532908149063587,0.946875
23,260,0.1667576555162668,0.946875
23,270,0.11250544525682926,0.9625
23,280,0.18911726772785187,0.94375
23,290,0.19102213606238366,0.915625
23,300,0.1576554339379072,0.94375
24,10,0.13378821089863777,0.959375
24,20,0.15418358594179155,0.953125
24,30,0.12672932147979737,0.95625
24,40,0.16247378289699554,0.946875
24,50,0.12324191704392433,0.95625
24,60,0.1067843645811081,0.96875
24,70,0.1061008084565401,0.95625
24,80,0.09418006651103497,0.959375
24,90,0.10229262541979552,0.965625
24,100,0.07135746385902167,0.978125
24,110,0.1479012407362461,0.95
24,120,0.16580201648175716,0.94375
24,130,0.13653629142791032,0.953125
24,140,0.14823465943336486,0.9625
24,150,0.14002676643431186,0.95
24,160,0.14572706446051598,0.95625
24,170,0.11287930477410554,0.9625
24,180,0.08502749996259809,0.9625
24,190,0.10452581569552422,0.965625
24,200,0.1576588299125433,0.934375
24,210,0.07872638534754514,0.98125
24,220,0.15429082736372948,0.95
24,230,0.13067249320447444,0.946875
24,240,0.16877099722623826,0.946875
24,250,0.09259116873145104,0.971875
24,260,0.18048573657870293,0.934375
24,270,0.12616713754832745,0.94375
24,280,0.04958783211186528,0.984375
24,290,0.15021358765661716,0.946875
24,300,0.0795565857551992,0.975
25,10,0.1009405966848135,0.971875
25,20,0.11311079952865839,0.965625
25,30,0.11917698346078395,0.96875
25,40,0.14245205968618393,0.934375
25,50,0.13951975256204605,0.94375
25,60,0.12669592457823456,0.95
25,70,0.14219668097794055,0.93125
25,80,0.09344975762069226,0.965625
25,90,0.15094920843839646,0.953125
25,100,0.13529717214405537,0.9625
25,110,0.15693953335285188,0.946875
25,120,0.1749813761562109,0.94375
25,130,0.13759947270154954,0.940625
25,140,0.214371345564723,0.940625
25,150,0.15386389717459678,0.94375
25,160,0.1536812860518694,0.953125
25,170,0.1380230339244008,0.95
25,180,0.08562956163659692,0.96875
25,190,0.14469060325063765,0.95
25,200,0.12369690760970116,0.953125
25,210,0.10781542863696814,0.978125
25,220,0.1011798026971519,0.965625
25,230,0.12061926387250424,0.946875
25,240,0.1687152411788702,0.946875
25,250,0.15571637004613875,0.94375
25,260,0.17063741907477378,0.946875
25,270,0.15554771050810814,0.95
25,280,0.11123362667858601,0.9625
25,290,0.13886783830821514,0.95625
25,300,0.0995920536108315,0.9625
26,10,0.1036524398252368,0.971875
26,20,0.08721552975475788,0.9625
26,30,0.06880395305342972,0.9875
26,40,0.09120634412392974,0.971875
26,50,0.12492949962615967,0.95625
26,60,0.09555164873600006,0.95625
26,70,0.07416540775448084,0.971875
26,80,0.1335372792556882,0.959375
26,90,0.12400808110833168,0.95
26,100,0.07033116882666945,0.98125
26,110,0.10864011384546757,0.965625
26,120,0.06700180098414421,0.975
26,130,0.08456772100180387,0.9625
26,140,0.09234895235858857,0.9625
26,150,0.10935721024870873,0.978125
26,160,0.10711720851249992,0.96875
26,170,0.09953711116686463,0.9625
26,180,0.07902795858681202,0.971875
26,190,0.09101653099060059,0.9625
26,200,0.09708876665681601,0.959375
26,210,0.14560728818178176,0.953125
26,220,0.08233901280909776,0.971875
26,230,0.1267303667962551,0.9625
26,240,0.10570680303499103,0.9625
26,250,0.1776156760752201,0.946875
26,260,0.14498918475583195,0.95625
26,270,0.1444231119006872,0.9625
26,280,0.1745063904672861,0.940625
26,290,0.14875833466649055,0.94375
26,300,0.12468447759747506,0.965625
27,10,0.12024719212204218,0.959375
27,20,0.09365938119590282,0.965625
27,30,0.10063356310129165,0.96875
27,40,0.09640323985368013,0.965625
27,50,0.14347016159445047,0.95625
27,60,0.10727489218115807,0.9625
27,70,0.06448369827121496,0.98125
27,80,0.08782417858019471,0.975
27,90,0.13054293729364871,0.959375
27,100,0.08672271389514208,0.975
27,110,0.12064227368682623,0.953125
27,120,0.08560952804982662,0.978125
27,130,0.1201055297628045,0.9625
27,140,0.10804774705320597,0.978125
27,150,0.10077961296774447,0.95625
27,160,0.11309383399784564,0.95625
27,170,0.1106186656281352,0.965625
27,180,0.0930416190996766,0.971875
27,190,0.08885497273877263,0.98125
27,200,0.09609697824344039,0.96875
27,210,0.14425284452736378,0.953125
27,220,0.1285700804553926,0.940625
27,230,0.1447651470080018,0.95625
27,240,0.12197766099125147,0.9625
27,250,0.11863932963460684,0.95625
27,260,0.1446508189663291,0.9625
27,270,0.1103340856730938,0.95625
27,280,0.09858883935958147,0.9625
27,290,0.12014535889029503,0.94375
27,300,0.15620431452989578,0.940625
28,10,0.15226525850594044,0.946875
28,20,0.11382992099970579,0.965625
28,30,0.1370881274342537,0.953125
28,40,0.13650452643632888,0.95625
28,50,0.08986774031072856,0.971875
28,60,0.10701805362477898,0.95625
28,70,0.06930171232670546,0.978125
28,80,0.09782293774187564,0.95625
28,90,0.11090640937909484,0.9625
28,100,0.11596612874418497,0.9625
28,110,0.11209112592041492,0.946875
28,120,0.10702682100236416,0.9625
28,130,0.07854666821658611,0.96875
28,140,0.12085345908999442,0.95625
28,150,0.11029994040727616,0.959375
28,160,0.07531875539571047,0.96875
28,170,0.09286973066627979,0.965625
28,180,0.10766847534105181,0.965625
28,190,0.13270157873630523,0.959375
28,200,0.13957595797255634,0.95
28,210,0.1277709656395018,0.959375
28,220,0.16269188337028026,0.946875
28,230,0.1312242672778666,0.9375
28,240,0.12034861156716943,0.95
28,250,0.1580320117995143,0.93125
28,260,0.10228923670947551,0.975
28,270,0.14214520351961255,0.953125
28,280,0.12611193843185903,0.9625
28,290,0.12793999761343003,0.959375
28,300,0.160852862149477,0.94375
29,10,0.15030351281166077,0.95
29,20,0.06600096235051751,0.978125
29,30,0.09091195897199214,0.965625
29,40,0.09000230580568314,0.971875
29,50,0.07965857200324536,0.96875
29,60,0.1032517971470952,0.9625
29,70,0.11601283606141806,0.959375
29,80,0.15342591758817434,0.946875
29,90,0.12043863451108336,0.965625
29,100,0.0829296676442027,0.98125
29,110,0.14721885211765767,0.94375
29,120,0.09332745242863894,0.965625
29,130,0.12154264077544212,0.965625
29,140,0.10734525956213474,0.965625
29,150,0.11328641623258591,0.965625
29,160,0.1749318517744541,0.9375
29,170,0.1690589688718319,0.953125
29,180,0.10997627228498459,0.975
29,190,0.08762634359300137,0.965625
29,200,0.1333284243941307,0.9625
29,210,0.11349861696362495,0.95625
29,220,0.11013416536152362,0.95625
29,230,0.0899566805921495,0.975
29,240,0.14117819257080555,0.946875
29,250,0.12352027893066406,0.95
29,260,0.13825702890753747,0.946875
29,270,0.09018530957400799,0.98125
29,280,0.13480037413537502,0.95625
29,290,0.11388614494353533,0.953125
29,300,0.1301490545272827,0.95
30,10,0.09728144817054271,0.975
30,20,0.10665428470820189,0.959375
30,30,0.10750033240765333,0.959375
30,40,0.09829432517290115,0.959375
30,50,0.12138332352042198,0.95625
30,60,0.09607881736010312,0.975
30,70,0.09128818633034826,0.959375
30,80,0.10117834508419037,0.959375
30,90,0.059978781174868344,0.98125
30,100,0.09923233911395073,0.965625
30,110,0.08093948028981686,0.975
30,120,0.14598538242280484,0.953125
30,130,0.15291193639859557,0.946875
30,140,0.09522112384438515,0.965625
30,150,0.14789300998672844,0.946875
30,160,0.1158594936132431,0.95
30,170,0.11146697178483009,0.953125
30,180,0.10386635456234217,0.959375
30,190,0.1288826795294881,0.95
30,200,0.14013937674462795,0.95625
30,210,0.09178934656083584,0.971875
30,220,0.10369655676186085,0.971875
30,230,0.08147454438731075,0.971875
30,240,0.090495921112597,0.971875
30,250,0.10672828629612922,0.9625
30,260,0.09996340265497565,0.96875
30,270,0.10616329833865165,0.971875
30,280,0.07606795337051153,0.98125
30,290,0.12664253413677215,0.95625
30,300,0.11771554872393608,0.946875
31,10,0.12147227264940738,0.95625
31,20,0.11293061571195721,0.965625
31,30,0.10855917064473034,0.9625
31,40,0.13742660861462355,0.959375
31,50,0.11147769689559936,0.959375
31,60,0.04853629432618618,0.990625
31,70,0.07343340348452329,0.971875
31,80,0.0593269835691899,0.978125
31,90,0.07909209923818708,0.978125
31,100,0.08518797289580107,0.96875
31,110,0.13247802965342997,0.946875
31,120,0.05911725722253323,0.9875
31,130,0.11947725173085928,0.975
31,140,0.04649446299299598,0.98125
31,150,0.06363310079323128,0.978125
31,160,0.06408070675097406,0.975
31,170,0.06673002950847148,0.98125
31,180,0.07703663976863026,0.96875
31,190,0.0693598408717662,0.971875
31,200,0.08607706860639155,0.978125
31,210,0.09282283913344144,0.953125
31,220,0.14144451599568128,0.95625
31,230,0.06077512931078673,0.971875
31,240,0.13623621985316275,0.965625
31,250,0.14305519759655,0.959375
31,260,0.09814938008785248,0.96875
31,270,0.06703511886298656,0.984375
31,280,0.08257829882204533,0.975
31,290,0.10729362480342389,0.953125
31,300,0.09734125761315227,0.975
32,10,0.10535902678966522,0.965625
32,20,0.10269049666821957,0.96875
32,30,0.07071268595755101,0.971875
32,40,0.11491543538868428,0.965625
32,50,0.06591360829770565,0.978125
32,60,0.07476952001452446,0.975
32,70,0.10115704610943795,0.95625
32,80,0.08150096088647843,0.98125
32,90,0.07867651022970676,0.978125
32,100,0.07153063826262951,0.978125
32,110,0.05571188060566783,0.984375
32,120,0.08163623595610262,0.9625
32,130,0.0782924191094935,0.96875
32,140,0.07649037027731538,0.978125
32,150,0.08806558842770755,0.971875
32,160,0.08043800219893456,0.96875
32,170,0.07967848647385836,0.975
32,180,0.10652324305847287,0.965625
32,190,0.1096544636413455,0.9625
32,200,0.06987176216207444,0.975
32,210,0.12659778092056512,0.95625
32,220,0.07602640856057405,0.971875
32,230,0.12808090206235648,0.965625
32,240,0.0991525761783123,0.96875
32,250,0.17700248789042233,0.953125
32,260,0.118320675753057,0.9625
32,270,0.11032175775617362,0.96875
32,280,0.12261712551116943,0.9625
32,290,0.10354274297133088,0.959375
32,300,0.12270135395228862,0.95625
33,10,0.110538665112108,0.9625
33,20,0.10458087995648384,0.959375
33,30,0.06795315239578485,0.975
33,40,0.10097816232591868,0.9625
33,50,0.08803637688979507,0.971875
33,60,0.05807693814858794,0.984375
33,70,0.06802957095205783,0.9875
33,80,0.07130376445129513,0.984375
33,90,0.06924755051732064,0.971875
33,100,0.0800830451771617,0.965625
33,110,0.11320533221587539,0.95625
33,120,0.0907343078404665,0.971875
33,130,0.08848496391437947,0.978125
33,140,0.22468972951173782,0.940625
33,150,0.22982730604708196,0.946875
33,160,0.27065735645592215,0.9125
33,170,0.23168535605072976,0.921875
33,180,0.17997789848595858,0.940625
33,190,0.16226900555193424,0.93125
33,200,0.1463899977505207,0.946875
33,210,0.16617062576115132,0.946875
33,220,0.12233346365392209,0.959375
33,230,0.13446213360875844,0.9625
33,240,0.08566036187112332,0.965625
33,250,0.1906898083165288,0.940625
33,260,0.12516069523990153,0.953125
33,270,0.14215757865458728,0.946875
33,280,0.1274872027337551,0.959375
33,290,0.1101739052683115,0.9625
33,300,0.12580242101103067,0.95625
34,10,0.21354389041662217,0.946875
34,20,0.0960594730451703,0.9625
34,30,0.1653911776840687,0.940625
34,40,0.07760718800127506,0.975
34,50,0.11295198034495116,0.96875
34,60,0.10453655514866114,0.971875
34,70,0.1235740378499031,0.94375
34,80,0.06795969675295055,0.975
34,90,0.09659339720383286,0.95625
34,100,0.08825410082936287,0.971875
34,110,0.13223741352558135,0.9625
34,120,0.1205690847709775,0.965625
34,130,0.08202169882133603,0.978125
34,140,0.09072856716811657,0.9625
34,150,0.07390683460980654,0.978125
34,160,0.11485906355082989,0.96875
34,170,0.06294955685734749,0.98125
34,180,0.06673867916688322,0.971875
34,190,0.047298661340028046,0.9875
34,200,0.0659897519275546,0.975
34,210,0.06089399140328169,0.98125
34,220,0.10470148180611431,0.953125
34,230,0.08505056761205196,0.971875
34,240,0.09496735399588943,0.965625
34,250,0.0516727214679122,0.990625
34,260,0.10484069716185332,0.965625
34,270,0.09126772675663233,0.96875
34,280,0.09822595426812768,0.971875
34,290,0.08809411516413093,0.971875
34,300,0.0665519763249904,0.978125
35,10,0.056342593114823106,0.975
35,20,0.06241356870159507,0.98125
35,30,0.05992096778936684,0.9875
35,40,0.0461839986499399,0.98125
35,50,0.060914771258831026,0.98125
35,60,0.07106958460062743,0.9875
35,70,0.0792141055688262,0.975
35,80,0.0789076503366232,0.965625
35,90,0.11107464954257011,0.959375
35,100,0.07355154096148908,0.978125
35,110,0.08880976215004921,0.965625
35,120,0.06113170909229666,0.9875
35,130,0.13291001729667187,0.9625
35,140,0.12676464933902026,0.959375
35,150,0.0748036350356415,0.978125
35,160,0.06502129351720214,0.975
35,170,0.0733363600447774,0.975
35,180,0.14144461788237095,0.9625
35,190,0.0639790448360145,0.971875
35,200,0.0642257553525269,0.978125
35,210,0.06446340577676893,0.978125
35,220,0.09328249590471387,0.96875
35,230,0.09705119617283345,0.965625
35,240,0.07242374997586012,0.971875
35,250,0.1479766560718417,0.940625
35,260,0.10467490209266543,0.9625
35,270,0.09840667434036732,0.965625
35,280,0.14499482549726964,0.953125
35,290,0.1348649814724922,0.9625
35,300,0.08339416347444058,0.96875
36,10,0.07501861536875368,0.975
36,20,0.046000426588580015,0.990625
36,30,0.07347565626259893,0.975
36,40,0.07008392242714763,0.975
36,50,0.06192886121571064,0.975
36,60,0.08784277383238077,0.96875
36,70,0.06716435020789505,0.971875
36,80,0.05207275757566095,0.984375
36,90,0.07416962888091802,0.975
36,100,0.08544122334569693,0.971875
36,110,0.07162578750867396,0.975
36,120,0.06796224624849856,0.971875
36,130,0.08966440223157406,0.96875
36,140,0.055280691385269164,0.98125
36,150,0.0716844208072871,0.971875
36,160,0.05024606864899397,0.984375
36,170,0.051148340851068494,0.9875
36,180,0.03839712394401431,0.9875
36,190,0.10758761614561081,0.953125
36,200,0.08839653404429555,0.975
36,210,0.08352353777736425,0.975
36,220,0.0805700171738863,0.971875
36,230,0.11286468058824539,0.9625
36,240,0.10779068069532513,0.96875
36,250,0.08498145923949778,0.971875
36,260,0.109969977196306,0.965625
36,270,0.08856163397431374,0.975
36,280,0.07047298089601099,0.978125
36,290,0.10238464432768524,0.9625
36,300,0.07755829468369484,0.965625
37,10,0.1152471526991576,0.96875
37,20,0.06435157507658004,0.978125
37,30,0.0691549103707075,0.978125
37,40,0.0637699737213552,0.978125
37,50,0.08913557399064302,0.978125
37,60,0.09881254639476537,0.975
37,70,0.06309616887010634,0.978125
37,80,0.061509602796286346,0.990625
37,90,0.04828334036283195,0.9875
37,100,0.09102360382676125,0.975
37,110,0.11412050798535348,0.953125
37,120,0.06028054603375495,0.975
37,130,0.10386785315349698,0.9625
37,140,0.1445716199465096,0.95
37,150,0.11277187913656235,0.9625
37,160,0.07165747510734946,0.978125
37,170,0.08229472171515226,0.98125
37,180,0.1585777871310711,0.953125
37,190,0.09796375501900911,0.965625
37,200,0.090349942445755,0.971875
37,210,0.05834551742300391,0.978125
37,220,0.08766865953803063,0.965625
37,230,0.06177763249725103,0.978125
37,240,0.09050442343577743,0.965625
37,250,0.09389203302562237,0.9625
37,260,0.08792398646473884,0.965625
37,270,0.12756811194121837,0.95625
37,280,0.14388118945062162,0.940625
37,290,0.07574013657867909,0.978125
37,300,0.08656987887807191,0.975
38,10,0.05164309497922659,0.98125
38,20,0.06319251433014869,0.975
38,30,0.03306324710138142,0.990625
38,40,0.08494981536641717,0.98125
38,50,0.05994201023131609,0.98125
38,60,0.05932266050949693,0.978125
38,70,0.1088859320152551,0.96875
38,80,0.06864058710634709,0.971875
38,90,0.05028655310161412,0.98125
38,100,0.05716904448345304,0.98125
38,110,0.14799247682094574,0.946875
38,120,0.06598950102925301,0.978125
38,130,0.09696534965187312,0.96875
38,140,0.06327653201296926,0.9875
38,150,0.05808554319664836,0.978125
38,160,0.07919106758199632,0.965625
38,170,0.07481064097955822,0.971875
38,180,0.04542452050372958,0.984375
38,190,0.07458563731051981,0.978125
38,200,0.08443698510527611,0.971875
38,210,0.06047268360853195,0.98125
38,220,0.059713902324438094,0.971875
38,230,0.08711101943627,0.978125
38,240,0.06491690892726183,0.984375
38,250,0.0839971773326397,0.971875
38,260,0.04161889171227813,0.9875
38,270,0.085500527638942,0.96875
38,280,0.09740400407463312,0.965625
38,290,0.0645117063075304,0.975
38,300,0.06729920867364854,0.978125
39,10,0.04397283581783995,0.984375
39,20,0.10617094356566667,0.965625
39,30,0.09440909288823604,0.953125
39,40,0.05328647750429809,0.984375
39,50,0.04815434874035418,0.975
39,60,0.05466045560315251,0.990625
39,70,0.07220981568098069,0.984375
39,80,0.08229703363031149,0.971875
39,90,0.06437556492164731,0.9875
39,100,0.06247168434783816,0.984375
39,110,0.07568127405829728,0.975
39,120,0.0702647459693253,0.978125
39,130,0.07468386888504028,0.98125
39,140,0.06914628678932785,0.975
39,150,0.06407972015440463,0.978125
39,160,0.06612452240660786,0.96875
39,170,0.07435685917735099,0.975
39,180,0.10337988864630461,0.971875
39,190,0.05455955564975738,0.98125
39,200,0.0764246474020183,0.9625
39,210,0.04702906182501465,0.978125
39,220,0.06970244380645454,0.975
39,230,0.052010955102741716,0.978125
39,240,0.05594528820365667,0.965625
39,250,0.039396743627730754,0.9875
39,260,0.08852738551795483,0.965625
39,270,0.052410594467073676,0.984375
39,280,0.12319175489246845,0.95625
39,290,0.05240351259708405,0.990625
39,300,0.0660338647197932,0.98125
40,10,0.06932822768576444,0.978125
40,20,0.06236531157046556,0.978125
40,30,0.04298514686524868,0.984375
40,40,0.07759925536811352,0.975
40,50,0.10172597141936421,0.953125
40,60,0.047675736900419,0.978125
40,70,0.09732383247464896,0.96875
40,80,0.06471626292914152,0.971875
40,90,0.12370241824537516,0.965625
40,100,0.0875431259162724,0.96875
40,110,0.06736804302781821,0.975
40,120,0.12690039798617364,0.96875
40,130,0.06940532410517335,0.978125
40,140,0.08300731466151774,0.96875
40,150,0.09823655113577842,0.975
40,160,0.0935798529535532,0.965625
40,170,0.09777855314314365,0.971875
40,180,0.0488634598441422,0.98125
40,190,0.08906768700107932,0.96875
40,200,0.0664992700330913,0.975
40,210,0.057090746611356734,0.975
40,220,0.09695760221220553,0.96875
40,230,0.0832403080072254,0.971875
40,240,0.06000103130936622,0.975
40,250,0.06968880523927509,0.978125
40,260,0.07017311602830886,0.975
40,270,0.07358590280637145,0.96875
40,280,0.08975422861985863,0.978125
40,290,0.05578522095456719,0.9875
40,300,0.08422442115843295,0.96875
41,10,0.08488739775493741,0.971875
41,20,0.053635392198339106,0.984375
41,30,0.1210801056586206,0.95625
41,40,0.1131720325909555,0.971875
41,50,0.05830411715433002,0.971875
41,60,0.10286416914314031,0.959375
41,70,0.10906339632347226,0.965625
41,80,0.11673143832013011,0.95625
41,90,0.06109300928656012,0.978125
41,100,0.07058006655424834,0.98125
41,110,0.12052659392356872,0.953125
41,120,0.1153103080810979,0.953125
41,130,0.10359933124855161,0.95625
41,140,0.06859592832624913,0.98125
41,150,0.1023997062817216,0.965625
41,160,0.05842118496075273,0.978125
41,170,0.04764235089533031,0.984375
41,180,0.08929168344475329,0.965625
41,190,0.08838193723931909,0.9625
41,200,0.08665307452902198,0.959375
41,210,0.04352227943018079,0.984375
41,220,0.06983919912017882,0.98125
41,230,0.05871834270656109,0.978125
41,240,0.055001650005578995,0.978125
41,250,0.09619184201583267,0.971875
41,260,0.10845664441585541,0.96875
41,270,0.11787621998228133,0.96875
41,280,0.06766159748658537,0.98125
41,290,0.05564435177948326,0.971875
41,300,0.10658811833709478,0.965625
42,10,0.08136512213386596,0.978125
42,20,0.058249977161176504,0.98125
42,30,0.04207206200808287,0.98125
42,40,0.053666266798973086,0.978125
42,50,0.05334850922226906,0.98125
42,60,0.052411019895225765,0.984375
42,70,0.062498747790232304,0.975
42,80,0.12111453674733638,0.95625
42,90,0.10570894503034652,0.9625
42,100,0.07620945312082768,0.971875
42,110,0.08648864552378654,0.975
42,120,0.052345169335603715,0.984375
42,130,0.072227774374187,0.975
42,140,0.08724376168102026,0.975
42,150,0.07227413149084896,0.975
42,160,0.08033019388094545,0.96875
42,170,0.04835244750138372,0.984375
42,180,0.045781703339889644,0.9875
42,190,0.09416537145152688,0.959375
42,200,0.1000294603407383,0.9625
42,210,0.15897153057157992,0.940625
42,220,0.1259451494552195,0.959375
42,230,0.1065964713692665,0.95625
42,240,0.06389066223055125,0.975
42,250,0.12456277534365653,0.95625
42,260,0.07812813576310873,0.978125
42,270,0.08015092224813998,0.975
42,280,0.08878689343109727,0.96875
42,290,0.1428222991526127,0.95
42,300,0.0819967096671462,0.975
43,10,0.11455389242619277,0.95625
43,20,0.08446614937856793,0.965625
43,30,0.07277386952191592,0.978125
43,40,0.057504429435357454,0.978125
43,50,0.06075665128882975,0.990625
43,60,0.05651652896776795,0.98125
43,70,0.09151556738652289,0.96875
43,80,0.10031300354748965,0.95
43,90,0.06127820238471031,0.978125
43,100,0.059921699669212104,0.98125
43,110,0.03379754082998261,0.9875
43,120,0.05614880560897291,0.98125
43,130,0.0365385705139488,0.9875
43,140,0.07247838089242578,0.9625
43,150,0.07757203159853816,0.975
43,160,0.04911639429628849,0.9875
43,170,0.10723260678350925,0.9625
43,180,0.03013833868317306,0.990625
43,190,0.05046042748726905,0.978125
43,200,0.0790669668931514,0.978125
43,210,0.08623965196311474,0.971875
43,220,0.1438483794219792,0.95625
43,230,0.06338543118909001,0.971875
43,240,0.08353735581040382,0.96875
43,250,0.09361636991379782,0.975
43,260,0.060573804564774035,0.98125
43,270,0.1431512651499361,0.96875
43,280,0.05359034659340978,0.98125
43,290,0.0769033482298255,0.975
43,300,0.10213521369732917,0.9625
44,10,0.08365720277652144,0.975
44,20,0.04161587788257748,0.984375
44,30,0.06447757170535624,0.975
44,40,0.0721552824601531,0.978125
44,50,0.09017331786453724,0.965625
44,60,0.06907294113188982,0.9625
44,70,0.052560864575207235,0.98125
44,80,0.03400113922543824,0.984375
44,90,0.0375221726950258,0.990625
44,100,0.07117626024410129,0.96875
44,110,0.05190636832267046,0.98125
44,120,0.11623273519799113,0.96875
44,130,0.10992692499421537,0.965625
44,140,0.06898540640249848,0.971875
44,150,0.08367634331807494,0.971875
44,160,0.09510493539273739,0.975
44,170,0.09786111861467361,0.975
44,180,0.04606917663477361,0.9875
44,190,0.06819836730137467,0.978125
44,200,0.08502383129671216,0.9625
44,210,0.04644392435438931,0.990625
44,220,0.10258576096966862,0.965625
44,230,0.11411648755893111,0.953125
44,240,0.06449351049959659,0.971875
44,250,0.089557611849159,0.9625
44,260,0.0649595862487331,0.965625
44,270,0.03903681708034128,0.990625
44,280,0.05488890511915088,0.975
44,290,0.03418005690909922,0.9875
44,300,0.08910971134901047,0.971875
45,10,0.037396369781345126,0.984375
45,20,0.06591018494218588,0.98125
45,30,0.050284310895949605,0.978125
45,40,0.0426974331960082,0.984375
45,50,0.054618699790444224,0.98125
45,60,0.07398217055015266,0.978125
45,70,0.09882837333716452,0.975
45,80,0.10500155631452798,0.9625
45,90,0.04243480223231018,0.990625
45,100,0.0786337020341307,0.975
45,110,0.050346873793751,0.971875
45,120,0.06503874363843351,0.978125
45,130,0.03649825527681969,0.990625
45,140,0.0810751423239708,0.984375
45,150,0.05980875133536756,0.984375
45,160,0.04846666175872087,0.984375
45,170,0.0639815378934145,0.984375
45,180,0.0996600940823555,0.975
45,190,0.023424860974773764,0.99375
45,200,0.07012083092704416,0.978125
45,210,0.09251462453976274,0.965625
45,220,0.031356207514181736,0.990625
45,230,0.03406085633905605,0.9875
45,240,0.0897691494319588,0.965625
45,250,0.04398143943399191,0.990625
45,260,0.07170331680681556,0.971875
45,270,0.07405109629034996,0.971875
45,280,0.06531995572149754,0.984375
45,290,0.06440530610270798,0.98125
45,300,0.07655140962451697,0.96875
46,10,0.06679865252226591,0.978125
46,20,0.08389506787061692,0.971875
46,30,0.07607813738286495,0.975
46,40,0.055042274901643394,0.978125
46,50,0.0747415479272604,0.965625
46,60,0.08947721999138594,0.971875
46,70,0.05275277243927121,0.975
46,80,0.0789883223362267,0.975
46,90,0.04960690233856439,0.990625
46,100,0.08404354080557823,0.971875
46,110,0.0643794518429786,0.978125
46,120,0.04916497030062601,0.98125
46,130,0.06164405611343682,0.98125
46,140,0.13592288922518492,0.965625
46,150,0.08388736499473452,0.975
46,160,0.09287292873486877,0.971875
46,170,0.0878328809980303,0.9625
46,180,0.1032270597293973,0.971875
46,190,0.07237625494599342,0.975
46,200,0.05381045404355973,0.984375
46,210,0.07182397453580051,0.978125
46,220,0.06620540609583259,0.984375
46,230,0.032227529073134066,0.99375
46,240,0.0615968375466764,0.984375
46,250,0.05030979495495558,0.984375
46,260,0.06510148993693292,0.98125
46,270,0.06498238522326574,0.971875
46,280,0.0294461902230978,0.990625
46,290,0.049074239726178345,0.984375
46,300,0.07041851398535073,0.971875
47,10,0.05620173187926412,0.978125
47,20,0.08321392815560102,0.98125
47,30,0.05047558420337737,0.975
47,40,0.04134480026550591,0.99375
47,50,0.06479467528406531,0.984375
47,60,0.13250408926978707,0.96875
47,70,0.07034217682667077,0.978125
47,80,0.03707726802676916,0.9875
47,90,0.052529516723006965,0.978125
47,100,0.07666034484282136,0.978125
47,110,0.031762644182890654,0.990625
47,120,0.08125281077809632,0.965625
47,130,0.05294269945006817,0.984375
47,140,0.09504572250880301,0.971875
47,150,0.05979488636367023,0.978125
47,160,0.0365475841332227,0.984375
47,170,0.04947573160752654,0.984375
47,180,0.06917122940067202,0.9875
47,190,0.045328103192150596,0.98125
47,200,0.046168938279151917,0.984375
47,210,0.050140189658850434,0.98125
47,220,0.0618346375762485,0.971875
47,230,0.059264529484789816,0.978125
47,240,0.05457152314484119,0.984375
47,250,0.056816912302747366,0.98125
47,260,0.0721431311685592,0.971875
47,270,0.048323424183763564,0.98125
47,280,0.083708506799303,0.975
47,290,0.07156984456814826,0.971875
47,300,0.051760049839504066,0.9875
48,10,0.040637148823589084,0.9875
48,20,0.023477333900518715,0.990625
48,30,0.08581606750376522,0.984375
48,40,0.04171367259696126,0.9875
48,50,0.04239395805634558,0.984375
48,60,0.042458321014419195,0.98125
48,70,0.044287351658567786,0.98125
48,80,0.05689444616436958,0.975
48,90,0.04133025065530092,0.984375
48,100,0.04874622700735927,0.98125
48,110,0.04551856908947229,0.984375
48,120,0.07061402769759298,0.984375
48,130,0.04902026304043829,0.98125
48,140,0.045518580451607706,0.9875
48,150,0.05721970861777663,0.975
48,160,0.0652696250937879,0.98125
48,170,0.06006248575868085,0.975
48,180,0.10641179280355573,0.9625
48,190,0.05991963455453515,0.978125
48,200,0.07127606235444546,0.98125
48,210,0.12144813723862172,0.959375
48,220,0.03975864825770259,0.9875
48,230,0.10130070741288363,0.95625
48,240,0.125650442764163,0.9625
48,250,0.06341583321336657,0.971875
48,260,0.1302497455617413,0.965625
48,270,0.028100491990335284,0.99375
48,280,0.10899113900959492,0.946875
48,290,0.08329117123503238,0.965625
48,300,0.0912655653897673,0.975
49,10,0.055553688853979113,0.971875
49,20,0.05662003516918048,0.98125
49,30,0.09178060704725795,0.971875
49,40,0.04065539726288989,0.9875
49,50,0.08030480053275824,0.975
49,60,0.07177452007308602,0.98125
49,70,0.06910165380686521,0.96875
49,80,0.04694668604061007,0.990625
49,90,0.04569752346724272,0.984375
49,100,0.06106980305630714,0.975
49,110,0.060804210626520215,0.978125
49,120,0.06749415430240333,0.971875
49,130,0.07756518013775349,0.971875
49,140,0.04704630887135863,0.984375
49,150,0.06740633398294449,0.971875
49,160,0.057013557851314546,0.971875
49,170,0.030753663182258605,0.984375
49,180,0.06963763008825481,0.971875
49,190,0.03684551184996963,0.984375
49,200,0.03851091975811869,0.9875
49,210,0.04689528979361057,0.98125
49,220,0.04838174553588033,0.984375
49,230,0.06916562682017684,0.965625
49,240,0.09712134972214699,0.95
49,250,0.052861461153952405,0.984375
49,260,0.08698234930634499,0.965625
49,270,0.09686395032331348,0.978125
49,280,0.1522163450717926,0.95625
49,290,0.08807932920753955,0.965625
49,300,0.08616351634263993,0.975
