0,10,3.4956106901168824,0.10625
0,20,3.0929071426391603,0.2375
0,30,2.7805418968200684,0.31875
0,40,2.5955033779144285,0.353125
0,50,2.4443691968917847,0.446875
0,60,2.5190284490585326,0.3625
0,70,2.352036488056183,0.40625
0,80,2.158052456378937,0.453125
0,90,1.98603698015213,0.484375
0,100,1.9160583734512329,0.490625
0,110,1.8630280494689941,0.49375
0,120,1.9214422583580018,0.51875
0,130,1.8863937377929687,0.4875
0,140,1.8028285026550293,0.5125
0,150,1.758475387096405,0.521875
0,160,1.7276961088180542,0.515625
0,170,1.7081523180007934,0.546875
0,180,1.7994737863540649,0.496875
0,190,1.7571346640586853,0.525
0,200,1.7128269910812377,0.528125
0,210,1.6219614624977112,0.55
0,220,1.4967767357826234,0.56875
0,230,1.4957620739936828,0.584375
0,240,1.5253329396247863,0.59375
0,250,1.4895708560943604,0.575
0,260,1.4461504101753235,0.596875
0,270,1.3346496641635894,0.64375
0,280,1.3587388873100281,0.615625
0,290,1.5243374586105347,0.59375
0,300,1.3681899070739747,0.61875
1,10,1.3211896538734436,0.621875
1,20,1.2090974807739259,0.6375
1,30,1.3039833903312683,0.6375
1,40,1.3710265159606934,0.60625
1,50,1.2665118813514709,0.621875
1,60,1.3603727221488953,0.609375
1,70,1.3000189304351806,0.621875
1,80,1.1497369408607483,0.684375
1,90,1.336120057106018,0.621875
1,100,1.2373172879219054,0.64375
1,110,1.1856906831264495,0.65625
1,120,1.0767986595630645,0.690625
1,130,1.2296948909759522,0.640625
1,140,1.039354059100151,0.703125
1,150,0.9894663274288178,0.721875
1,160,1.1297474682331086,0.671875
1,170,1.0728936791419983,0.71875
1,180,1.073011153936386,0.70625
1,190,1.0680400907993317,0.684375
1,200,1.0152469158172608,0.703125
1,210,1.0318982541561126,0.709375
1,220,1.1625969648361205,0.675
1,230,1.0170705556869506,0.6875
1,240,1.165355235338211,0.675
1,250,1.0394731283187866,0.71875
1,260,1.1477629840373993,0.628125
1,270,0.9666455507278442,0.725
1,280,0.9220512747764588,0.7375
1,290,0.9735444843769073,0.740625
1,300,0.9539979875087738,0.69375
2,10,0.9612245976924896,0.71875
2,20,0.8234439343214035,0.7625
2,30,0.8670523583889007,0.746875
2,40,0.9576679766178131,0.7125
2,50,0.867104583978653,0.74375
2,60,0.7787516236305236,0.7625
2,70,0.8135736167430878,0.740625
2,80,0.8953713834285736,0.759375
2,90,0.784179437160492,0.771875
2,100,0.7801827251911163,0.76875
2,110,0.7590302944183349,0.759375
2,120,0.7763734042644501,0.790625
2,130,0.6721911340951919,0.81875
2,140,0.7998984187841416,0.76875
2,150,0.8872562050819397,0.75625
2,160,0.7810483634471893,0.740625
2,170,0.7663244903087616,0.759375
2,180,0.8531778633594513,0.759375
2,190,0.9015272557735443,0.75
2,200,0.7327234476804734,0.775
2,210,0.8145003259181977,0.728125
2,220,0.7010472506284714,0.796875
2,230,0.9008549928665162,0.734375
2,240,0.9294607639312744,0.709375
2,250,0.9339553833007812,0.7
2,260,0.8255247712135315,0.728125
2,270,0.7205603927373886,0.809375
2,280,0.8340228617191314,0.775
2,290,0.888486921787262,0.75625
2,300,0.7640921533107757,0.753125
3,10,0.7521416425704956,0.7625
3,20,0.7326545536518096,0.790625
3,30,0.7610277652740478,0.7875
3,40,0.7136232376098632,0.771875
3,50,0.8054517805576324,0.746875
3,60,0.6098123297095299,0.815625
3,70,0.7050943344831466,0.771875
3,80,0.8187632888555527,0.7625
3,90,0.7139569848775864,0.778125
3,100,0.6580840885639191,0.81875
3,110,0.7311383575201035,0.775
3,120,0.7882281512022018,0.75625
3,130,0.7746821999549866,0.771875
3,140,0.6688276469707489,0.775
3,150,0.7299651950597763,0.78125
3,160,0.7294740289449692,0.7625
3,170,0.7914357125759125,0.78125
3,180,0.6016403555870056,0.83125
3,190,0.6498641222715378,0.821875
3,200,0.7145337611436844,0.759375
3,210,0.8662902414798737,0.75
3,220,0.625739149749279,0.815625
3,230,0.839044240117073,0.740625
3,240,0.7419873476028442,0.765625
3,250,0.7099981635808945,0.765625
3,260,0.595737698674202,0.825
3,270,0.6066823333501816,0.809375
3,280,0.7486958235502243,0.771875
3,290,0.7626965820789338,0.790625
3,300,0.6270312547683716,0.81875
4,10,0.6450278013944626,0.809375
4,20,0.6863921016454697,0.7875
4,30,0.5549585163593292,0.834375
4,40,0.6065093129873276,0.81875
4,50,0.5911028832197189,0.815625
4,60,0.6618420779705048,0.803125
4,70,0.6058169305324554,0.80625
4,80,0.6853805869817734,0.803125
4,90,0.5779881596565246,0.825
4,100,0.6030737161636353,0.790625
4,110,0.6169221967458725,0.815625
4,120,0.5983325183391571,0.8
4,130,0.6348394721746444,0.81875
4,140,0.6046241641044616,0.80625
4,150,0.5851613819599152,0.825
4,160,0.5520034432411194,0.8375
4,170,0.5447259247303009,0.815625
4,180,0.4482471406459808,0.85625
4,190,0.5646077483892441,0.821875
4,200,0.6942734837532043,0.778125
4,210,0.6213164359331131,0.79375
4,220,0.5783649191260338,0.83125
4,230,0.6370110422372818,0.80625
4,240,0.7361790120601654,0.790625
4,250,0.6206953257322312,0.803125
4,260,0.5562939077615738,0.828125
4,270,0.6311419799923896,0.803125
4,280,0.6367165356874466,0.803125
4,290,0.6179492264986038,0.80625
4,300,0.6896609663963318,0.79375
5,10,0.530976191163063,0.828125
5,20,0.5021071285009384,0.83125
5,30,0.48365200161933897,0.859375
5,40,0.5892398416996002,0.825
5,50,0.7181869596242905,0.7875
5,60,0.5821670740842819,0.80625
5,70,0.559458464384079,0.815625
5,80,0.5022648632526397,0.85625
5,90,0.6005465269088746,0.825
5,100,0.6549828529357911,0.8
5,110,0.6335863620042801,0.7875
5,120,0.5697122514247894,0.80625
5,130,0.5322807043790817,0.840625
5,140,0.548688206076622,0.83125
5,150,0.6156057506799698,0.803125
5,160,0.5743486225605011,0.8125
5,170,0.5682181209325791,0.8125
5,180,0.5063294053077698,0.846875
5,190,0.5794715195894241,0.809375
5,200,0.6765964984893799,0.7875
5,210,0.5463157683610916,0.8375
5,220,0.5551427572965622,0.834375
5,230,0.5332349091768265,0.84375
5,240,0.5865757018327713,0.8125
5,250,0.5317464709281922,0.84375
5,260,0.5265661239624023,0.85625
5,270,0.5925534337759018,0.815625
5,280,0.5720806896686554,0.846875
5,290,0.5549335449934005,0.80625
5,300,0.5377971827983856,0.8125
6,10,0.5074314206838608,0.853125
6,20,0.6229645520448684,0.809375
6,30,0.4752327412366867,0.86875
6,40,0.5143279612064362,0.834375
6,50,0.5563857674598693,0.803125
6,60,0.5814390674233436,0.821875
6,70,0.5322175651788712,0.846875
6,80,0.47983518242836,0.85625
6,90,0.4472053751349449,0.85
6,100,0.5137584283947945,0.846875
6,110,0.5246101796627045,0.8625
6,120,0.4748730331659317,0.85625
6,130,0.4812020152807236,0.84375
6,140,0.5702946096658706,0.834375
6,150,0.5440228641033172,0.85625
6,160,0.4600275993347168,0.875
6,170,0.5780918926000596,0.825
6,180,0.5529315859079361,0.80625
6,190,0.5882801532745361,0.796875
6,200,0.5519600242376328,0.83125
6,210,0.5995037734508515,0.8125
6,220,0.42436179965734483,0.86875
6,230,0.4925573855638504,0.8375
6,240,0.476295131444931,0.828125
6,250,0.42703076750040053,0.85625
6,260,0.5006311714649201,0.81875
6,270,0.508554282784462,0.85
6,280,0.5116070955991745,0.83125
6,290,0.5196828126907349,0.846875
6,300,0.48908848464488985,0.84375
7,10,0.46976989805698394,0.840625
7,20,0.5748923391103744,0.803125
7,30,0.4709455966949463,0.828125
7,40,0.4915129065513611,0.834375
7,50,0.5756331324577332,0.834375
7,60,0.4746910840272903,0.834375
7,70,0.5029315993189811,0.834375
7,80,0.5485783278942108,0.834375
7,90,0.5565644487738609,0.81875
7,100,0.365378075838089,0.88125
7,110,0.45475213825702665,0.865625
7,120,0.5204253494739532,0.828125
7,130,0.45764986872673036,0.85
7,140,0.44567587077617643,0.8625
7,150,0.47282582968473436,0.853125
7,160,0.5468030482530594,0.821875
7,170,0.4938288748264313,0.85
7,180,0.46211492121219633,0.846875
7,190,0.523609584569931,0.815625
7,200,0.4236455708742142,0.86875
7,210,0.4510146021842957,0.88125
7,220,0.48835574835538864,0.834375
7,230,0.6025741219520568,0.821875
7,240,0.41552851498126986,0.865625
7,250,0.49555853456258775,0.859375
7,260,0.4934424296021461,0.840625
7,270,0.41445797979831694,0.85625
7,280,0.5306918084621429,0.8375
7,290,0.5205124348402024,0.8375
7,300,0.4301881730556488,0.859375
8,10,0.3945856511592865,0.875
8,20,0.3742625884711742,0.865625
8,30,0.43882856220006944,0.859375
8,40,0.423787946999073,0.871875
8,50,0.4139341861009598,0.875
8,60,0.44140432551503184,0.85625
8,70,0.4554816722869873,0.859375
8,80,0.44231967628002167,0.85
8,90,0.431350402534008,0.865625
8,100,0.5000353932380677,0.83125
8,110,0.5229393839836121,0.825
8,120,0.43938243091106416,0.846875
8,130,0.47486784160137174,0.853125
8,140,0.4632271468639374,0.85
8,150,0.4871199995279312,0.84375
8,160,0.4359852895140648,0.846875
8,170,0.4522708848118782,0.865625
8,180,0.5183608025312424,0.846875
8,190,0.40514104068279266,0.8625
8,200,0.5384682714939117,0.81875
8,210,0.4613920390605927,0.834375
8,220,0.4396808996796608,0.853125
8,230,0.4000816836953163,0.878125
8,240,0.49308746457099917,0.85
8,250,0.4749783366918564,0.84375
8,260,0.4605316460132599,0.85625
8,270,0.43825030624866484,0.846875
8,280,0.44201418906450274,0.846875
8,290,0.38415280133485796,0.86875
8,300,0.4299005299806595,0.871875
9,10,0.430792772769928,0.846875
9,20,0.41511799991130827,0.8625
9,30,0.4888508051633835,0.84375
9,40,0.4606846272945404,0.865625
9,50,0.3581347897648811,0.88125
9,60,0.428861266374588,0.853125
9,70,0.4107324883341789,0.88125
9,80,0.5115151703357697,0.8375
9,90,0.3381282016634941,0.88125
9,100,0.4356326416134834,0.871875
9,110,0.3756334185600281,0.86875
9,120,0.33810391575098037,0.890625
9,130,0.3995150148868561,0.88125
9,140,0.41619450598955154,0.86875
9,150,0.37407575398683546,0.88125
9,160,0.43511388301849363,0.85
9,170,0.45927976071834564,0.828125
9,180,0.3106439508497715,0.8875
9,190,0.549904865026474,0.846875
9,200,0.3722341164946556,0.89375
9,210,0.3862923488020897,0.884375
9,220,0.4785926192998886,0.8625
9,230,0.4169663280248642,0.859375
9,240,0.4374245524406433,0.853125
9,250,0.41428608596324923,0.88125
9,260,0.4658141672611237,0.8625
9,270,0.5043149277567863,0.846875
9,280,0.41012881249189376,0.865625
9,290,0.40340396463871003,0.86875
9,300,0.37405231446027754,0.859375
10,10,0.48742478489875796,0.85625
10,20,0.32287854701280594,0.903125
10,30,0.3513207659125328,0.871875
10,40,0.47931002676486967,0.84375
10,50,0.3560680940747261,0.896875
10,60,0.36863718181848526,0.878125
10,70,0.3478345200419426,0.871875
10,80,0.4479241818189621,0.85
10,90,0.29103675335645673,0.8875
10,100,0.46365978121757506,0.8375
10,110,0.3046139843761921,0.909375
10,120,0.4063360422849655,0.871875
10,130,0.35737789869308473,0.88125
10,140,0.4160089403390884,0.871875
10,150,0.4660017788410187,0.85625
10,160,0.3959325894713402,0.871875
10,170,0.42067399322986604,0.853125
10,180,0.4231498882174492,0.859375
10,190,0.2792424462735653,0.903125
10,200,0.46155664026737214,0.84375
10,210,0.42208662033081057,0.859375
10,220,0.47159788459539415,0.84375
10,230,0.4715490654110909,0.85
10,240,0.4294289514422417,0.875
10,250,0.4965808719396591,0.859375
10,260,0.4679414227604866,0.85625
10,270,0.4216268703341484,0.86875
10,280,0.47591432929039,0.828125
10,290,0.4457540512084961,0.853125
10,300,0.37760435938835146,0.875
11,10,0.4295711278915405,0.846875
11,20,0.4104640021920204,0.8625
11,30,0.4517485320568085,0.840625
11,40,0.4154715076088905,0.853125
11,50,0.32125540971755984,0.890625
11,60,0.3296935632824898,0.896875
11,70,0.3549592085182667,0.88125
11,80,0.36307717561721803,0.884375
11,90,0.3858831077814102,0.878125
11,100,0.39050032049417494,0.878125
11,110,0.4316478371620178,0.8625
11,120,0.4188466042280197,0.846875
11,130,0.38443263694643975,0.86875
11,140,0.4022393375635147,0.8625
11,150,0.38817359656095507,0.88125
11,160,0.3873019255697727,0.88125
11,170,0.34968191832304,0.90625
11,180,0.36749411672353743,0.878125
11,190,0.3972885772585869,0.865625
11,200,0.4089303627610207,0.871875
11,210,0.3426572360098362,0.871875
11,220,0.3870544895529747,0.85
11,230,0.4376705601811409,0.85625
11,240,0.5545979827642441,0.81875
11,250,0.3816531792283058,0.86875
11,260,0.39350604861974714,0.871875
11,270,0.3774267300963402,0.865625
11,280,0.4094033271074295,0.8625
11,290,0.3719444930553436,0.875
11,300,0.30168596655130386,0.925
12,10,0.28106910437345506,0.896875
12,20,0.3304427906870842,0.909375
12,30,0.4128223329782486,0.859375
12,40,0.3217245265841484,0.8875
12,50,0.3784091517329216,0.8625
12,60,0.33370344787836076,0.884375
12,70,0.2812833786010742,0.890625
12,80,0.30063153654336927,0.903125
12,90,0.43044543713331224,0.878125
12,100,0.393192845582962,0.871875
12,110,0.353834892809391,0.8875
12,120,0.32683554142713545,0.875
12,130,0.3537238746881485,0.875
12,140,0.368244044482708,0.875
12,150,0.40469361990690234,0.86875
12,160,0.33647595793008805,0.89375
12,170,0.2817093446850777,0.896875
12,180,0.3268379524350166,0.884375
12,190,0.3323678784072399,0.878125
12,200,0.3272907078266144,0.884375
12,210,0.31723629087209704,0.8875
12,220,0.3383378490805626,0.88125
12,230,0.2975071549415588,0.8875
12,240,0.4194113478064537,0.88125
12,250,0.448889322578907,0.8625
12,260,0.3815137892961502,0.875
12,270,0.4015547215938568,0.8625
12,280,0.2984228082001209,0.9
12,290,0.406997811794281,0.86875
12,300,0.380582332611084,0.878125
13,10,0.34220425337553023,0.89375
13,20,0.3983751595020294,0.8625
13,30,0.3699169769883156,0.875
13,40,0.30074794590473175,0.9125
13,50,0.4841665267944336,0.846875
13,60,0.29072251468896865,0.915625
13,70,0.3291929498314857,0.896875
13,80,0.38434683680534365,0.859375
13,90,0.3613031283020973,0.86875
13,100,0.28210521936416627,0.90625
13,110,0.2584784723818302,0.9125
13,120,0.35388763844966886,0.871875
13,130,0.48879351168870927,0.84375
13,140,0.2933680199086666,0.903125
13,150,0.39081128388643266,0.878125
13,160,0.3912837415933609,0.85625
13,170,0.41329188644886017,0.875
13,180,0.33748490661382674,0.89375
13,190,0.4051002308726311,0.871875
13,200,0.3589304283261299,0.890625
13,210,0.37066393047571183,0.89375
13,220,0.3814266860485077,0.9
13,230,0.36542625576257703,0.875
13,240,0.3651016540825367,0.88125
13,250,0.3874082311987877,0.871875
13,260,0.4587046876549721,0.85
13,270,0.3769095838069916,0.86875
13,280,0.3857558161020279,0.865625
13,290,0.334959451854229,0.878125
13,300,0.3434556692838669,0.875
14,10,0.30598989725112913,0.909375
14,20,0.3527925834059715,0.88125
14,30,0.350816448032856,0.875
14,40,0.3350834310054779,0.884375
14,50,0.24934649839997292,0.9125
14,60,0.39384949803352354,0.865625
14,70,0.2900190159678459,0.90625
14,80,0.36325205862522125,0.88125
14,90,0.27209104150533675,0.921875
14,100,0.31342475265264513,0.903125
14,110,0.32917263060808183,0.9
14,120,0.29911925345659257,0.9
14,130,0.3772410869598389,0.875
14,140,0.3186455428600311,0.89375
14,150,0.33713579177856445,0.875
14,160,0.3495453782379627,0.871875
14,170,0.40522822439670564,0.875
14,180,0.29065578132867814,0.9
14,190,0.3340061500668526,0.896875
14,200,0.3501694232225418,0.8875
14,210,0.5213719122111797,0.834375
14,220,0.39981617629528043,0.875
14,230,0.3707089826464653,0.878125
14,240,0.38803892731666567,0.890625
14,250,0.3961638033390045,0.884375
14,260,0.307419890165329,0.89375
14,270,0.35678805559873583,0.86875
14,280,0.33638114482164383,0.884375
14,290,0.30868479162454604,0.8875
14,300,0.3150391213595867,0.9
15,10,0.2761524453759193,0.8875
15,20,0.3283637136220932,0.89375
15,30,0.2527677841484547,0.915625
15,40,0.3529355004429817,0.89375
15,50,0.2973823666572571,0.909375
15,60,0.3041828952729702,0.903125
15,70,0.29412938952445983,0.884375
15,80,0.3279068499803543,0.884375
15,90,0.26702535673975947,0.91875
15,100,0.2801520198583603,0.903125
15,110,0.24629008322954177,0.915625
15,120,0.31284583881497385,0.890625
15,130,0.35800379514694214,0.878125
15,140,0.23202851861715318,0.925
15,150,0.3227370411157608,0.878125
15,160,0.33246336355805395,0.890625
15,170,0.28246197402477263,0.884375
15,180,0.3070314273238182,0.909375
15,190,0.4262312263250351,0.828125
15,200,0.35505452901124956,0.86875
15,210,0.30707559883594515,0.8875
15,220,0.36396166682243347,0.8625
15,230,0.39164173454046247,0.85625
15,240,0.3624278426170349,0.89375
15,250,0.2945935487747192,0.909375
15,260,0.35591700226068496,0.871875
15,270,0.26664397194981576,0.925
15,280,0.43863081485033034,0.890625
15,290,0.24368840157985688,0.91875
15,300,0.3188924714922905,0.878125
16,10,0.3359019711613655,0.86875
16,20,0.33335440307855607,0.8875
16,30,0.37017455101013186,0.871875
16,40,0.3276300437748432,0.884375
16,50,0.3604876086115837,0.85625
16,60,0.32034281827509403,0.9
16,70,0.30834214836359025,0.890625
16,80,0.2930211521685123,0.9125
16,90,0.29297481626272204,0.909375
16,100,0.25195202976465225,0.928125
16,110,0.24568432122468947,0.921875
16,120,0.3250302657485008,0.90625
16,130,0.2927682653069496,0.9
16,140,0.32594566941261294,0.878125
16,150,0.2801479443907738,0.9
16,160,0.2630548134446144,0.909375
16,170,0.32954702377319334,0.896875
16,180,0.26130730360746385,0.89375
16,190,0.30346669703722,0.88125
16,200,0.25161988362669946,0.9125
16,210,0.270522703230381,0.903125
16,220,0.3232105500996113,0.890625
16,230,0.34087226539850235,0.875
16,240,0.30380814149975777,0.896875
16,250,0.3392770417034626,0.89375
16,260,0.2767824776470661,0.896875
16,270,0.31096477806568146,0.909375
16,280,0.3477379769086838,0.89375
16,290,0.312247596681118,0.884375
16,300,0.4179889544844627,0.8625
17,10,0.3554319262504578,0.884375
17,20,0.4359972313046455,0.8625
17,30,0.3730114594101906,0.88125
17,40,0.3247653007507324,0.875
17,50,0.24850674867630004,0.915625
17,60,0.3015356376767159,0.903125
17,70,0.2652373380959034,0.921875
17,80,0.3340367808938026,0.884375
17,90,0.27842586636543276,0.909375
17,100,0.23049793094396592,0.915625
17,110,0.29790767282247543,0.90625
17,120,0.3191481500864029,0.88125
17,130,0.29146135300397874,0.903125
17,140,0.28600128665566443,0.903125
17,150,0.2999728962779045,0.890625
17,160,0.37628833055496214,0.896875
17,170,0.3092214435338974,0.903125
17,180,0.36689341366291045,0.875
17,190,0.2553578525781631,0.915625
17,200,0.25902878791093825,0.90625
17,210,0.38765923157334325,0.859375
17,220,0.4074670486152172,0.8625
17,230,0.3248931631445885,0.89375
17,240,0.30767649710178374,0.89375
17,250,0.3422314375638962,0.896875
17,260,0.38101776242256163,0.88125
17,270,0.3028858117759228,0.890625
17,280,0.36567395031452177,0.88125
17,290,0.2727056711912155,0.9125
17,300,0.2703585267066956,0.8875
18,10,0.33578400760889054,0.9
18,20,0.30174275413155555,0.884375
18,30,0.3669731944799423,0.86875
18,40,0.33389744013547895,0.890625
18,50,0.2618606187403202,0.90625
18,60,0.3307922661304474,0.8875
18,70,0.3684766814112663,0.86875
18,80,0.36749682724475863,0.88125
18,90,0.25446378290653227,0.90625
18,100,0.29873587265610696,0.9
18,110,0.26603311523795126,0.9125
18,120,0.3192398972809315,0.9125
18,130,0.24146985858678818,0.921875
18,140,0.29987132288515567,0.896875
18,150,0.31315988302230835,0.8875
18,160,0.3020922392606735,0.8875
18,170,0.349450920522213,0.86875
18,180,0.3422685131430626,0.884375
18,190,0.33428685888648035,0.9
18,200,0.35057911425828936,0.890625
18,210,0.266631118953228,0.903125
18,220,0.2856096401810646,0.903125
18,230,0.33078292161226275,0.890625
18,240,0.24126314967870713,0.9125
18,250,0.2854044087231159,0.915625
18,260,0.3445779293775558,0.884375
18,270,0.30715621784329417,0.91875
18,280,0.3135248780250549,0.89375
18,290,0.3181677654385567,0.89375
18,300,0.2850431989878416,0.9
19,10,0.23253183811903,0.91875
19,20,0.2539716579020023,0.90625
19,30,0.26768639087677004,0.909375
19,40,0.2618776511400938,0.921875
19,50,0.26622116267681123,0.9
19,60,0.27768543884158137,0.903125
19,70,0.21380555331707002,0.928125
19,80,0.267915803194046,0.903125
19,90,0.2597948506474495,0.90625
19,100,0.3082353323698044,0.884375
19,110,0.33602498322725294,0.8875
19,120,0.23355060815811157,0.91875
19,130,0.28035600334405897,0.9
19,140,0.2940884754061699,0.871875
19,150,0.2252224400639534,0.925
19,160,0.3157788269221783,0.89375
19,170,0.2852540500462055,0.903125
19,180,0.34365738481283187,0.884375
19,190,0.2696216493844986,0.89375
19,200,0.2575174678117037,0.9
19,210,0.28667020462453363,0.8875
19,220,0.29296052604913714,0.903125
19,230,0.31450172513723373,0.884375
19,240,0.38421876952052114,0.875
19,250,0.2407510608434677,0.915625
19,260,0.2978185787796974,0.896875
19,270,0.2527603775262833,0.89375
19,280,0.3655488446354866,0.884375
19,290,0.3968064829707146,0.88125
19,300,0.26174101382493975,0.903125
20,10,0.17950243577361108,0.928125
20,20,0.24526523649692536,0.9
20,30,0.22788813933730126,0.921875
20,40,0.24472506418824197,0.925
20,50,0.2526534631848335,0.9125
20,60,0.22610434107482433,0.934375
20,70,0.3156049057841301,0.890625
20,80,0.30253351628780367,0.9
20,90,0.2722505956888199,0.9
20,100,0.3076176166534424,0.884375
20,110,0.31925214603543284,0.9
20,120,0.2799991600215435,0.915625
20,130,0.30025394558906554,0.89375
20,140,0.366647869348526,0.84375
20,150,0.24910815060138702,0.925
20,160,0.24598077312111855,0.9
20,170,0.287696672976017,0.91875
20,180,0.23841388002038003,0.915625
20,190,0.2882099874317646,0.90625
20,200,0.24983431473374368,0.915625
20,210,0.3424889639019966,0.88125
20,220,0.29792980700731275,0.884375
20,230,0.3052224166691303,0.88125
20,240,0.3194832682609558,0.896875
20,250,0.37212700471282006,0.88125
20,260,0.2782146200537682,0.90625
20,270,0.278351166844368,0.9
20,280,0.3217318162322044,0.884375
20,290,0.24884433038532733,0.915625
20,300,0.30493391789495944,0.903125
21,10,0.23744628876447677,0.91875
21,20,0.29015281349420546,0.896875
21,30,0.22507221177220343,0.91875
21,40,0.28256252557039263,0.90625
21,50,0.2087814301252365,0.934375
21,60,0.2619470350444317,0.915625
21,70,0.22396802455186843,0.9375
21,80,0.20411874502897262,0.9375
21,90,0.24474524408578874,0.921875
21,100,0.2655009537935257,0.903125
21,110,0.2817243099212646,0.89375
21,120,0.2262876346707344,0.925
21,130,0.3222202226519585,0.896875
21,140,0.22742566838860512,0.93125
21,150,0.2775062769651413,0.909375
21,160,0.21575740352272987,0.928125
21,170,0.25661285892128943,0.890625
21,180,0.28290616869926455,0.909375
21,190,0.2166014678776264,0.9125
21,200,0.26037159785628317,0.896875
21,210,0.2542481303215027,0.91875
21,220,0.25433909595012666,0.928125
21,230,0.26630746349692347,0.9
21,240,0.23988899774849415,0.9
21,250,0.30402361005544665,0.909375
21,260,0.33800557926297187,0.890625
21,270,0.33007594794034956,0.89375
21,280,0.22735417410731315,0.915625
21,290,0.21031160093843937,0.940625
21,300,0.2829241447150707,0.89375
22,10,0.24262904971837998,0.91875
22,20,0.1989402338862419,0.925
22,30,0.20163203179836273,0.934375
22,40,0.17989062815904616,0.928125
22,50,0.27852615863084795,0.90625
22,60,0.19451218023896216,0.93125
22,70,0.2018949195742607,0.93125
22,80,0.21139655224978923,0.940625
22,90,0.20592820793390273,0.928125
22,100,0.16314712688326835,0.940625
22,110,0.2250983439385891,0.9125
22,120,0.25749618411064146,0.915625
22,130,0.20572667047381402,0.925
22,140,0.3075116850435734,0.89375
22,150,0.2777714878320694,0.909375
22,160,0.3077585607767105,0.903125
22,170,0.14928392097353935,0.95625
22,180,0.30827730149030685,0.896875
22,190,0.26219174079596996,0.909375
22,200,0.2523305132985115,0.896875
22,210,0.2622806549072266,0.9125
22,220,0.386922774463892,0.85625
22,230,0.2706217676401138,0.90625
22,240,0.30929840356111526,0.903125
22,250,0.29783604443073275,0.9
22,260,0.23478445261716843,0.909375
22,270,0.3290468521416187,0.878125
22,280,0.30556842386722566,0.903125
22,290,0.2513726755976677,0.9
22,300,0.23988938257098197,0.915625
23,10,0.18084327764809133,0.946875
23,20,0.260388895124197,0.90625
23,30,0.2657114714384079,0.915625
23,40,0.2984347343444824,0.9
23,50,0.2160167621448636,0.928125
23,60,0.2684341952204704,0.921875
23,70,0.2828742556273937,0.9
23,80,0.184599120169878,0.93125
23,90,0.23374685011804103,0.925
23,100,0.23556372188031674,0.928125
23,110,0.23365676328539847,0.9125
23,120,0.21172605641186237,0.93125
23,130,0.2355934925377369,0.90625
23,140,0.25441465303301813,0.896875
23,150,0.22481571286916732,0.9125
23,160,0.28876367807388303,0.8875
23,170,0.266755485534668,0.896875
23,180,0.24182462990283965,0.915625
23,190,0.25389274060726164,0.903125
23,200,0.31541735380887986,0.9
23,210,0.2852752014994621,0.88125
23,220,0.24753107726573945,0.91875
23,230,0.2336442142724991,0.925
23,240,0.2700913995504379,0.915625
23,250,0.24875042885541915,0.925
23,260,0.27795631587505343,0.88125
23,270,0.23147680312395097,0.915625
23,280,0.3506975740194321,0.884375
23,290,0.26129974573850634,0.890625
23,300,0.23507686760276555,0.9125
24,10,0.17463018372654915,0.934375
24,20,0.20666609406471254,0.928125
24,30,0.2397250734269619,0.903125
24,40,0.2054001845419407,0.93125
24,50,0.20859025083482266,0.91875
24,60,0.18043718300759792,0.940625
24,70,0.2032887540757656,0.934375
24,80,0.23120561391115188,0.928125
24,90,0.1971025913953781,0.925
24,100,0.2717298850417137,0.91875
24,110,0.22666418105363845,0.928125
24,120,0.2864767760038376,0.909375
24,130,0.2173324704170227,0.925
24,140,0.23423900827765465,0.9125
24,150,0.23827521950006486,0.91875
24,160,0.20566265657544136,0.94375
24,170,0.2226946994662285,0.928125
24,180,0.2645115926861763,0.90625
24,190,0.24363217055797576,0.90625
24,200,0.22108876928687096,0.915625
24,210,0.23304692655801773,0.921875
24,220,0.30385013669729233,0.88125
24,230,0.20660758540034294,0.915625
24,240,0.27850154489278794,0.9125
24,250,0.2006887680850923,0.93125
24,260,0.23823186978697777,0.915625
24,270,0.2522701554000378,0.90625
24,280,0.23458960130810738,0.928125
24,290,0.3050933048129082,0.896875
24,300,0.3041693739593029,0.903125
25,10,0.22324782758951187,0.9125
25,20,0.20147400870919227,0.928125
25,30,0.1662504281848669,0.95
25,40,0.20018779188394548,0.9375
25,50,0.19849805235862733,0.93125
25,60,0.20811805725097657,0.90625
25,70,0.23028681725263594,0.921875
25,80,0.21975749544799328,0.9125
25,90,0.2300715945661068,0.903125
25,100,0.25467385947704313,0.903125
25,110,0.2323163166642189,0.91875
25,120,0.21228978633880616,0.921875
25,130,0.22770200967788695,0.925
25,140,0.19725766628980637,0.94375
25,150,0.23237828463315963,0.921875
25,160,0.24350144639611243,0.91875
25,170,0.19069499969482423,0.9375
25,180,0.2646822318434715,0.909375
25,190,0.24275291599333287,0.934375
25,200,0.2343009240925312,0.903125
25,210,0.24368287101387978,0.915625
25,220,0.22710043638944627,0.928125
25,230,0.20931544825434684,0.928125
25,240,0.27577597200870513,0.915625
25,250,0.3383207306265831,0.8875
25,260,0.26480891183018684,0.921875
25,270,0.31536072865128517,0.903125
25,280,0.21395522058010102,0.915625
25,290,0.26806335225701333,0.90625
25,300,0.2300643727183342,0.9125
26,10,0.17902101427316666,0.921875
26,20,0.20773039758205414,0.921875
26,30,0.2103654846549034,0.925
26,40,0.2384145725518465,0.928125
26,50,0.2636002585291862,0.909375
26,60,0.28757142797112467,0.890625
26,70,0.1882423408329487,0.9375
26,80,0.21359249353408813,0.93125
26,90,0.1581424131989479,0.953125
26,100,0.184327270463109,0.928125
26,110,0.19263585805892944,0.928125
26,120,0.2720606945455074,0.9125
26,130,0.2435882579535246,0.9125
26,140,0.21369774602353572,0.9375
26,150,0.14684580378234385,0.946875
26,160,0.2405362892895937,0.91875
26,170,0.20371895357966424,0.909375
26,180,0.19791156724095343,0.921875
26,190,0.21788912378251551,0.934375
26,200,0.19846596866846083,0.921875
26,210,0.19950770512223243,0.9375
26,220,0.2298907296732068,0.91875
26,230,0.2539878934621811,0.90625
26,240,0.18362867124378682,0.940625
26,250,0.2639589786529541,0.90625
26,260,0.21020378097891806,0.909375
26,270,0.23514354936778545,0.9375
26,280,0.2567405730485916,0.925
26,290,0.22201887406408788,0.921875
26,300,0.20371560007333755,0.925
27,10,0.16534430757164956,0.928125
27,20,0.2310186021029949,0.915625
27,30,0.23608542308211328,0.90625
27,40,0.18727556243538857,0.925
27,50,0.1705633157864213,0.93125
27,60,0.1425753727555275,0.95
27,70,0.28771219700574874,0.903125
27,80,0.25004710257053375,0.921875
27,90,0.21161992903798818,0.94375
27,100,0.2113099407404661,0.915625
27,110,0.21853628158569335,0.925
27,120,0.22683283239603041,0.93125
27,130,0.21409704983234407,0.921875
27,140,0.2170270286500454,0.925
27,150,0.1618270143866539,0.940625
27,160,0.1890016257762909,0.9375
27,170,0.195680633187294,0.934375
27,180,0.1757037542760372,0.94375
27,190,0.2138989821076393,0.91875
27,200,0.22887356877326964,0.91875
27,210,0.20505906343460084,0.934375
27,220,0.16487980149686338,0.946875
27,230,0.22790037095546722,0.91875
27,240,0.2304907038807869,0.90625
27,250,0.15704694539308547,0.928125
27,260,0.2413475565612316,0.915625
27,270,0.2476936884224415,0.925
27,280,0.23256465494632722,0.921875
27,290,0.18809261843562125,0.928125
27,300,0.22774250209331512,0.909375
28,10,0.16034225486218928,0.940625
28,20,0.23246693089604378,0.921875
28,30,0.19421635940670967,0.93125
28,40,0.21024628281593322,0.928125
28,50,0.14619980119168757,0.94375
28,60,0.2404899738729,0.909375
28,70,0.20168619602918625,0.928125
28,80,0.18926834613084792,0.928125
28,90,0.1662146112881601,0.95
28,100,0.15227402709424495,0.95625
28,110,0.23924752846360206,0.909375
28,120,0.26082602366805074,0.903125
28,130,0.1579556379467249,0.94375
28,140,0.21139391586184503,0.928125
28,150,0.18090649247169494,0.928125
28,160,0.19178667962551116,0.93125
28,170,0.21732793897390365,0.928125
28,180,0.16320632509887217,0.95
28,190,0.23371818512678147,0.9375
28,200,0.23666456565260888,0.91875
28,210,0.21996796503663063,0.9125
28,220,0.2152235507965088,0.928125
28,230,0.24267759397625924,0.903125
28,240,0.19353911206126212,0.93125
28,250,0.15951184406876565,0.953125
28,260,0.24853409603238105,0.91875
28,270,0.16757976673543454,0.93125
28,280,0.23461422510445118,0.903125
28,290,0.2130531241185963,0.91875
28,300,0.17764632180333137,0.94375
29,10,0.14955558255314827,0.9625
29,20,0.2337876155972481,0.896875
29,30,0.2067600917071104,0.91875
29,40,0.15877970904111863,0.9625
29,50,0.20996508337557315,0.903125
29,60,0.22999587059020996,0.934375
29,70,0.1626142181456089,0.940625
29,80,0.20818712189793587,0.928125
29,90,0.16055011488497256,0.946875
29,100,0.16925725750625134,0.940625
29,110,0.21020810827612876,0.921875
29,120,0.1860032506287098,0.94375
29,130,0.19607196897268295,0.925
29,140,0.13458264470100403,0.953125
29,150,0.16890440955758096,0.93125
29,160,0.21577787734568118,0.9125
29,170,0.1728415884077549,0.940625
29,180,0.2000175766646862,0.925
29,190,0.18190487399697303,0.94375
29,200,0.18075030967593192,0.9375
29,210,0.2082373693585396,0.925
29,220,0.17670426480472087,0.95
29,230,0.17590803764760493,0.93125
29,240,0.15932208374142648,0.946875
29,250,0.20207270756363868,0.94375
29,260,0.20149367693811654,0.925
29,270,0.2645845338702202,0.89375
29,280,0.20920757800340653,0.91875
29,290,0.26992318481206895,0.915625
29,300,0.23968067169189453,0.90625
30,10,0.181441517919302,0.934375
30,20,0.19548883177340032,0.928125
30,30,0.17810414563864468,0.953125
30,40,0.17559215165674685,0.93125
30,50,0.18196329548954965,0.94375
30,60,0.17730990946292877,0.946875
30,70,0.2247461795806885,0.925
30,80,0.21432998403906822,0.9375
30,90,0.1804959487169981,0.9375
30,100,0.2309207074344158,0.915625
30,110,0.1860376510769129,0.93125
30,120,0.1310662854462862,0.953125
30,130,0.1953259589150548,0.94375
30,140,0.19947308152914048,0.925
30,150,0.14997656568884848,0.9375
30,160,0.2003871075809002,0.925
30,170,0.21794994436204435,0.93125
30,180,0.16817567609250544,0.9375
30,190,0.1622162964195013,0.934375
30,200,0.2149932213127613,0.9125
30,210,0.19084558337926866,0.921875
30,220,0.17578228935599327,0.9375
30,230,0.22962882751598954,0.91875
30,240,0.2336052291095257,0.90625
30,250,0.20174749419093133,0.928125
30,260,0.23800437301397323,0.91875
30,270,0.22597032487392427,0.915625
30,280,0.14368857964873313,0.953125
30,290,0.2732240937650204,0.915625
30,300,0.21697034314274788,0.940625
31,10,0.23095133453607558,0.93125
31,20,0.17368863373994828,0.9375
31,30,0.21756551340222358,0.91875
31,40,0.19699970688670873,0.946875
31,50,0.1585313156247139,0.93125
31,60,0.28434492498636244,0.90625
31,70,0.14796555638313294,0.925
31,80,0.20507057309150695,0.925
31,90,0.2032077495008707,0.928125
31,100,0.24767304882407187,0.915625
31,110,0.23043382540345192,0.9125
31,120,0.2340313158929348,0.915625
31,130,0.20769634544849397,0.93125
31,140,0.31160350516438484,0.890625
31,150,0.319417716562748,0.896875
31,160,0.17046275809407235,0.95625
31,170,0.23848371505737304,0.909375
31,180,0.1784909300506115,0.946875
31,190,0.19998693875968457,0.934375
31,200,0.24301050454378129,0.915625
31,210,0.2116596817970276,0.928125
31,220,0.18807899281382562,0.94375
31,230,0.2509510271251202,0.909375
31,240,0.23898246586322786,0.915625
31,250,0.2311495140194893,0.921875
31,260,0.24128411076962947,0.91875
31,270,0.2473880961537361,0.91875
31,280,0.2164677858352661,0.91875
31,290,0.1886686071753502,0.91875
31,300,0.25085088461637495,0.9
32,10,0.20641185119748115,0.921875
32,20,0.15344232320785522,0.95625
32,30,0.19095219820737838,0.93125
32,40,0.18278923854231835,0.915625
32,50,0.208577948063612,0.9
32,60,0.17881447374820708,0.953125
32,70,0.18028154820203782,0.934375
32,80,0.14592767730355263,0.934375
32,90,0.17002578116953374,0.946875
32,100,0.23220104724168777,0.9125
32,110,0.17515940964221954,0.940625
32,120,0.21625170446932315,0.93125
32,130,0.1720104321837425,0.940625
32,140,0.22341844588518142,0.925
32,150,0.19980043582618237,0.934375
32,160,0.22150110453367233,0.9125
32,170,0.1776649909093976,0.94375
32,180,0.21077019721269608,0.91875
32,190,0.1710765115916729,0.9375
32,200,0.14245025515556337,0.953125
32,210,0.1325558628886938,0.953125
32,220,0.1483956515789032,0.946875
32,230,0.17366804666817187,0.934375
32,240,0.21650263648480178,0.9125
32,250,0.2449992373585701,0.915625
32,260,0.19178937748074532,0.91875
32,270,0.27238006293773653,0.884375
32,280,0.23124248310923576,0.928125
32,290,0.24708881080150605,0.921875
32,300,0.232040324062109,0.921875
33,10,0.17122997976839543,0.94375
33,20,0.13839771300554277,0.95625
33,30,0.19083008021116257,0.928125
33,40,0.15704160667955874,0.946875
33,50,0.18440387398004532,0.9375
33,60,0.17539418265223503,0.940625
33,70,0.13083188980817795,0.940625
33,80,0.14384250864386558,0.940625
33,90,0.15487075895071029,0.95625
33,100,0.16700090914964677,0.9375
33,110,0.19038502350449563,0.91875
33,120,0.1363302830606699,0.95
33,130,0.16985028525814413,0.9375
33,140,0.17724941968917846,0.93125
33,150,0.14321534372866154,0.940625
33,160,0.1702002439647913,0.934375
33,170,0.15456391423940657,0.940625
33,180,0.19966233745217324,0.940625
33,190,0.17910290844738483,0.93125
33,200,0.24399999752640725,0.921875
33,210,0.18728892803192138,0.928125
33,220,0.15606587529182434,0.94375
33,230,0.20397301018238068,0.91875
33,240,0.1954539805650711,0.925
33,250,0.15826237285509706,0.946875
33,260,0.1977666512131691,0.946875
33,270,0.16366393715143204,0.95
33,280,0.16511634420603513,0.9375
33,290,0.15897418037056923,0.934375
33,300,0.21574708465486764,0.925
34,10,0.14271930754184722,0.95
34,20,0.11216366849839687,0.9625
34,30,0.1600106567144394,0.953125
34,40,0.16393190957605838,0.95
34,50,0.13634491562843323,0.940625
34,60,0.20113233849406242,0.928125
34,70,0.16597880385816097,0.934375
34,80,0.2142089657485485,0.921875
34,90,0.14424665942788123,0.940625
34,100,0.15275185480713843,0.95
34,110,0.20512499548494817,0.925
34,120,0.15011631026864053,0.953125
34,130,0.1534312702715397,0.946875
34,140,0.19723465144634247,0.925
34,150,0.20660748407244683,0.93125
34,160,0.22112504988908768,0.91875
34,170,0.22140703350305557,0.921875
34,180,0.14073814824223518,0.95
34,190,0.20905215740203859,0.940625
34,200,0.18527552485466003,0.940625
34,210,0.17597438097000123,0.921875
34,220,0.2567037433385849,0.90625
34,230,0.14709514938294888,0.946875
34,240,0.21533849090337753,0.9125
34,250,0.15514649786055087,0.95
34,260,0.19136829525232316,0.909375
34,270,0.14410742726176978,0.953125
34,280,0.1499303501099348,0.9625
34,290,0.15690650567412376,0.934375
34,300,0.18150799423456193,0.921875
35,10,0.16824402660131454,0.934375
35,20,0.1379154570400715,0.946875
35,30,0.11297599598765373,0.965625
35,40,0.19905249401926994,0.909375
35,50,0.11729158237576484,0.95625
35,60,0.13407411314547063,0.95625
35,70,0.1290721647441387,0.959375
35,80,0.13695082124322652,0.95
35,90,0.1192383635789156,0.959375
35,100,0.12000184245407582,0.95625
35,110,0.19191001914441586,0.940625
35,120,0.1872789289802313,0.921875
35,130,0.1934572771191597,0.915625
35,140,0.16623968873172998,0.940625
35,150,0.15751664265990256,0.9375
35,160,0.12265000082552432,0.953125
35,170,0.16158214211463928,0.946875
35,180,0.17192358374595643,0.94375
35,190,0.3072432167828083,0.871875
35,200,0.18427892364561557,0.9375
35,210,0.14130499511957167,0.95625
35,220,0.097331190854311,0.96875
35,230,0.1527212541550398,0.9375
35,240,0.17685381174087525,0.925
35,250,0.19790019392967223,0.915625
35,260,0.16793758235871792,0.934375
35,270,0.2394707717001438,0.909375
35,280,0.20825184807181357,0.928125
35,290,0.14901084639132023,0.9625
35,300,0.16045013591647148,0.95
36,10,0.14777355808764697,0.940625
36,20,0.16467796387150885,0.94375
36,30,0.18953937143087388,0.928125
36,40,0.14234753362834454,0.94375
36,50,0.18293105363845824,0.9125
36,60,0.1427218892611563,0.953125
36,70,0.12870749505236745,0.953125
36,80,0.12195983184501528,0.95625
36,90,0.12495786398649215,0.95
36,100,0.1923384942114353,0.93125
36,110,0.1958353091031313,0.934375
36,120,0.20433616414666175,0.934375
36,130,0.19159586913883686,0.934375
36,140,0.27583168596029284,0.903125
36,150,0.17129931040108204,0.95
36,160,0.17494800202548505,0.9375
36,170,0.16771901696920394,0.940625
36,180,0.15845755487680435,0.9375
36,190,0.18617579191923142,0.95
36,200,0.10180467739701271,0.965625
36,210,0.14973595775663853,0.9375
36,220,0.1791251890361309,0.9375
36,230,0.16075697112828494,0.9375
36,240,0.1859289862215519,0.928125
36,250,0.18362616375088692,0.925
36,260,0.17719798423349858,0.9375
36,270,0.22614056542515754,0.91875
36,280,0.24831200074404478,0.915625
36,290,0.1359586577862501,0.953125
36,300,0.17216487638652325,0.94375
37,10,0.1462245315313339,0.946875
37,20,0.13027755096554755,0.95625
37,30,0.14597015026956797,0.95625
37,40,0.1734523568302393,0.9375
37,50,0.14750321283936502,0.95625
37,60,0.1523561400361359,0.95
37,70,0.1530885669402778,0.940625
37,80,0.16538259871304034,0.953125
37,90,0.12636484634131193,0.95
37,100,0.24346585795283318,0.909375
37,110,0.15772497579455375,0.9375
37,120,0.1466587346047163,0.940625
37,130,0.13630711287260056,0.946875
37,140,0.14580768048763276,0.928125
37,150,0.1748645469546318,0.921875
37,160,0.13831388764083385,0.953125
37,170,0.19439666867256164,0.925
37,180,0.14600729532539844,0.953125
37,190,0.1463122684508562,0.95
37,200,0.1344870353117585,0.9625
37,210,0.19136238023638724,0.915625
37,220,0.16206685081124306,0.928125
37,230,0.1618294570595026,0.940625
37,240,0.15900206230580807,0.9375
37,250,0.1666216380894184,0.9375
37,260,0.18244604133069514,0.9375
37,270,0.1747729206457734,0.940625
37,280,0.21158149540424348,0.93125
37,290,0.12258724980056286,0.95625
37,300,0.12587597593665123,0.95625
38,10,0.1078539464622736,0.95625
38,20,0.15899029448628427,0.928125
38,30,0.15157982110977172,0.95
38,40,0.13370600454509257,0.9625
38,50,0.1972167558968067,0.928125
38,60,0.15758768022060393,0.940625
38,70,0.16007316000759603,0.94375
38,80,0.12383899427950382,0.946875
38,90,0.1657857947051525,0.946875
38,100,0.15909501984715463,0.9375
38,110,0.17769619449973106,0.94375
38,120,0.2614759460091591,0.909375
38,130,0.11661779619753361,0.9625
38,140,0.19479625690728425,0.94375
38,150,0.12303693424910307,0.94375
38,160,0.2781196318566799,0.8875
38,170,0.15197711884975434,0.94375
38,180,0.14963663481175898,0.940625
38,190,0.16349296160042287,0.9375
38,200,0.18325570411980152,0.934375
38,210,0.10141391605138779,0.95625
38,220,0.1849793903529644,0.9125
38,230,0.15448170006275178,0.934375
38,240,0.1979848861694336,0.928125
38,250,0.14792457036674023,0.94375
38,260,0.17291139103472233,0.94375
38,270,0.11826875880360603,0.94375
38,280,0.19394403826445342,0.940625
38,290,0.16062017269432544,0.94375
38,300,0.1549998175352812,0.94375
39,10,0.11922198571264744,0.94375
39,20,0.17221802696585656,0.946875
39,30,0.13946400340646506,0.959375
39,40,0.13993220701813697,0.95625
39,50,0.13343731667846442,0.95
39,60,0.12071806006133556,0.96875
39,70,0.17776270769536495,0.928125
39,80,0.13280212879180908,0.9375
39,90,0.11083864644169808,0.9625
39,100,0.20278856232762338,0.93125
39,110,0.1095955040305853,0.95
39,120,0.1586740493774414,0.95
39,130,0.163314987719059,0.93125
39,140,0.09700719863176346,0.971875
39,150,0.1348703183233738,0.959375
39,160,0.15047489292919636,0.94375
39,170,0.147235856205225,0.94375
39,180,0.11978201381862164,0.94375
39,190,0.1601058453321457,0.946875
39,200,0.1388461571186781,0.946875
39,210,0.09773917011916637,0.965625
39,220,0.11368200220167637,0.946875
39,230,0.11874548979103565,0.959375
39,240,0.11772914696484804,0.959375
39,250,0.15838179141283035,0.946875
39,260,0.12543972320854663,0.95625
39,270,0.15727135576307774,0.921875
39,280,0.19444786831736566,0.946875
39,290,0.12731825448572637,0.9375
39,300,0.18775833919644355,0.9375
40,10,0.14902804773300887,0.946875
40,20,0.1570770524442196,0.946875
40,30,0.1356034718453884,0.946875
40,40,0.11744915395975113,0.953125
40,50,0.12774636931717395,0.95625
40,60,0.12793596871197224,0.9625
40,70,0.12509604543447495,0.9375
40,80,0.14670283906161785,0.946875
40,90,0.2050437219440937,0.915625
40,100,0.17110600918531418,0.940625
40,110,0.16692008040845394,0.934375
40,120,0.10483618397265673,0.95
40,130,0.18710817024111748,0.93125
40,140,0.11179170906543731,0.946875
40,150,0.12980979606509208,0.95625
40,160,0.136464050039649,0.934375
40,170,0.16757409349083902,0.934375
40,180,0.17126029394567013,0.928125
40,190,0.1479620948433876,0.946875
40,200,0.15630542300641537,0.95
40,210,0.14739651493728162,0.940625
40,220,0.1873260099440813,0.928125
40,230,0.16192647647112607,0.959375
40,240,0.2018947545439005,0.928125
40,250,0.12989817075431348,0.9625
40,260,0.17719765156507492,0.934375
40,270,0.1019997650757432,0.9625
40,280,0.14239927753806114,0.94375
40,290,0.1721097968518734,0.940625
40,300,0.1887127861380577,0.93125
41,10,0.14051682874560356,0.95
41,20,0.10711912102997304,0.953125
41,30,0.13793419804424048,0.94375
41,40,0.13966424018144608,0.959375
41,50,0.14103199988603593,0.9375
41,60,0.1422761172056198,0.95
41,70,0.14307631012052296,0.9375
41,80,0.15908649191260338,0.940625
41,90,0.21092965230345725,0.915625
41,100,0.1678763460367918,0.94375
41,110,0.14798030070960522,0.94375
41,120,0.15228480957448481,0.95625
41,130,0.17700190432369708,0.9375
41,140,0.18646574057638646,0.934375
41,150,0.13321454226970672,0.959375
41,160,0.2123210523277521,0.909375
41,170,0.3068516604602337,0.90625
41,180,0.10623366013169289,0.959375
41,190,0.16771900281310081,0.9375
41,200,0.19148560287430882,0.940625
41,210,0.16485901214182377,0.9375
41,220,0.23483628332614898,0.9125
41,230,0.18532356917858123,0.925
41,240,0.17738051973283292,0.94375
41,250,0.1593212179839611,0.925
41,260,0.09186813421547413,0.965625
41,270,0.17840044274926187,0.9375
41,280,0.11863256245851517,0.9625
41,290,0.1137348685413599,0.959375
41,300,0.2008272625505924,0.93125
42,10,0.10002844333648682,0.953125
42,20,0.17917117550969125,0.928125
42,30,0.11561209931969643,0.953125
42,40,0.13156041242182254,0.953125
42,50,0.146701692789793,0.928125
42,60,0.16502878665924073,0.940625
42,70,0.13990081660449505,0.953125
42,80,0.12162149026989937,0.9625
42,90,0.21295955684036016,0.9125
42,100,0.18734008260071278,0.940625
42,110,0.14801572039723396,0.946875
42,120,0.13456213437020778,0.946875
42,130,0.15628749020397664,0.94375
42,140,0.15427069291472434,0.95
42,150,0.10644846819341183,0.95
42,160,0.11539241354912519,0.959375
42,170,0.13712187856435776,0.95
42,180,0.09411438629031181,0.965625
42,190,0.14050732776522637,0.953125
42,200,0.12910605408251286,0.946875
42,210,0.19122177213430405,0.934375
42,220,0.19414538592100145,0.91875
42,230,0.16154638379812242,0.953125
42,240,0.15007444098591805,0.95
42,250,0.1802468042820692,0.9375
42,260,0.16273934431374074,0.9375
42,270,0.1130923468619585,0.9625
42,280,0.19719462022185325,0.94375
42,290,0.13999938331544398,0.94375
42,300,0.10787358507514,0.96875
43,10,0.15944706313312054,0.9375
43,20,0.11937347948551177,0.953125
43,30,0.17939954176545142,0.925
43,40,0.12322765942662954,0.953125
43,50,0.09067608155310154,0.96875
43,60,0.12147250659763813,0.95
43,70,0.10996871739625931,0.971875
43,80,0.15744376126676798,0.94375
43,90,0.1180871520191431,0.95625
43,100,0.15272497795522214,0.946875
43,110,0.0981835762038827,0.965625
43,120,0.12441583015024663,0.9625
43,130,0.11528972573578358,0.95625
43,140,0.15149903669953346,0.94375
43,150,0.10801452919840812,0.9625
43,160,0.09333621561527253,0.965625
43,170,0.1832041408866644,0.9375
43,180,0.1194097351282835,0.946875
43,190,0.19620150290429592,0.934375
43,200,0.1486408531665802,0.95
43,210,0.13804658818989993,0.953125
43,220,0.13412826061248778,0.9625
43,230,0.15165877416729928,0.953125
43,240,0.17773215770721434,0.925
43,250,0.13069052379578353,0.95625
43,260,0.15207202322781085,0.946875
43,270,0.16438926123082637,0.95625
43,280,0.1558740630745888,0.9375
43,290,0.19512641988694668,0.93125
43,300,0.16559874415397643,0.93125
44,10,0.16383058223873376,0.946875
44,20,0.10578462332487107,0.959375
44,30,0.13776726014912127,0.953125
44,40,0.08292225599288941,0.971875
44,50,0.1096175692975521,0.975
44,60,0.12243858277797699,0.959375
44,70,0.12961908094584942,0.94375
44,80,0.1202777735888958,0.9625
44,90,0.07118298094719648,0.98125
44,100,0.1300858473405242,0.953125
44,110,0.07795441001653672,0.971875
44,120,0.15985675752162934,0.934375
44,130,0.16085745133459567,0.940625
44,140,0.21335567440837622,0.928125
44,150,0.12457348704338074,0.971875
44,160,0.10914818421006203,0.95
44,170,0.11822414044290781,0.959375
44,180,0.15257185474038124,0.94375
44,190,0.11509363800287246,0.95625
44,200,0.15770650263875724,0.94375
44,210,0.17522846162319183,0.9375
44,220,0.15964947454631329,0.946875
44,230,0.16555539797991514,0.93125
44,240,0.12648463062942028,0.95625
44,250,0.13283558804541826,0.953125
44,260,0.12513762079179286,0.959375
44,270,0.15323490537703038,0.95625
44,280,0.16607806868851185,0.940625
44,290,0.15168263278901578,0.921875
44,300,0.1348116911947727,0.95
45,10,0.12181962355971336,0.953125
45,20,0.08866868745535612,0.965625
45,30,0.14980234242975712,0.9625
45,40,0.11436261758208274,0.953125
45,50,0.16619240157306195,0.934375
45,60,0.12474298849701881,0.95625
45,70,0.1627896089106798,0.9375
45,80,0.10052641145884991,0.95625
45,90,0.14736493099480868,0.94375
45,100,0.1245609737932682,0.9625
45,110,0.14922037832438945,0.94375
45,120,0.14194886349141597,0.95625
45,130,0.17749228607863188,0.94375
45,140,0.14917762372642757,0.946875
45,150,0.15963109955191612,0.934375
45,160,0.11326030977070331,0.959375
45,170,0.21426333785057067,0.909375
45,180,0.17360645197331906,0.95625
45,190,0.12025119997560978,0.965625
45,200,0.18100566491484643,0.93125
45,210,0.18606502898037433,0.91875
45,220,0.12961395904421807,0.95625
45,230,0.16106650568544864,0.9375
45,240,0.1078214175067842,0.953125
45,250,0.13535710088908673,0.953125
45,260,0.13983983248472215,0.95
45,270,0.11733389496803284,0.959375
45,280,0.13082838617265224,0.940625
45,290,0.18999299984425305,0.925
45,300,0.1163668624125421,0.9625
46,10,0.14533915081992746,0.95
46,20,0.11266501415520906,0.953125
46,30,0.14497169964015483,0.95625
46,40,0.11417983025312424,0.965625
46,50,0.1419917318969965,0.95
46,60,0.11080623976886272,0.9625
46,70,0.0901938371360302,0.95625
46,80,0.15666021183133125,0.9625
46,90,0.11266930177807807,0.965625
46,100,0.1290442205965519,0.95
46,110,0.15851347437128424,0.94375
46,120,0.17495812438428401,0.95625
46,130,0.14920650292187929,0.934375
46,140,0.1480238910764456,0.95
46,150,0.10410418063402176,0.96875
46,160,0.09739515967667103,0.959375
46,170,0.11226831655949354,0.959375
46,180,0.11292920112609864,0.953125
46,190,0.11647705584764481,0.95
46,200,0.08184395134449005,0.9625
46,210,0.1543011527508497,0.95
46,220,0.15393016450107097,0.9375
46,230,0.1539993744343519,0.940625
46,240,0.1648074582219124,0.940625
46,250,0.11358195384964347,0.965625
46,260,0.16103399964049459,0.95625
46,270,0.16907825246453284,0.93125
46,280,0.15363045111298562,0.94375
46,290,0.14303161948919296,0.946875
46,300,0.13191463146358728,0.95
47,10,0.0853005401790142,0.975
47,20,0.07965215481817722,0.978125
47,30,0.15699671618640423,0.95
47,40,0.17125110402703286,0.946875
47,50,0.09170174542814494,0.96875
47,60,0.13870879225432872,0.953125
47,70,0.11264083422720432,0.953125
47,80,0.14955004286020995,0.959375
47,90,0.0930655648931861,0.971875
47,100,0.0859803273808211,0.965625
47,110,0.13468593992292882,0.965625
47,120,0.13645133823156358,0.95625
47,130,0.18432922661304474,0.9375
47,140,0.1448689302429557,0.95
47,150,0.16933351904153823,0.9375
47,160,0.09514472596347331,0.9625
47,170,0.1597748627886176,0.946875
47,180,0.16553531270474195,0.95
47,190,0.1177665799856186,0.95
47,200,0.14730742946267128,0.928125
47,210,0.1307441584765911,0.94375
47,220,0.14600517004728317,0.95625
47,230,0.1620594210922718,0.953125
47,240,0.136708926782012,0.946875
47,250,0.11384689854457974,0.946875
47,260,0.1414578180760145,0.946875
47,270,0.1419795574620366,0.94375
47,280,0.13814953789114953,0.9375
47,290,0.10769205521792173,0.975
47,300,0.10773458946496248,0.95625
48,10,0.11452850420027971,0.95625
48,20,0.09823855934664608,0.971875
48,30,0.14726454615592957,0.934375
48,40,0.1663951190188527,0.9375
48,50,0.16605675220489502,0.94375
48,60,0.0845401156693697,0.975
48,70,0.10000164266675711,0.96875
48,80,0.13666079342365264,0.953125
48,90,0.14407881796360017,0.940625
48,100,0.17911189422011375,0.91875
48,110,0.14474617540836335,0.953125
48,120,0.09858990656211972,0.975
48,130,0.1735131438821554,0.940625
48,140,0.10681498683989048,0.965625
48,150,0.11127000767737627,0.946875
48,160,0.1077287595719099,0.946875
48,170,0.09634398762136698,0.959375
48,180,0.1193251634016633,0.95625
48,190,0.13390755280852318,0.940625
48,200,0.1036162231117487,0.95625
48,210,0.09738853508606553,0.965625
48,220,0.10521302176639438,0.9625
48,230,0.07925230488181115,0.978125
48,240,0.16595348082482814,0.91875
48,250,0.11246678680181503,0.940625
48,260,0.08970965920016169,0.978125
48,270,0.12724109822884203,0.965625
48,280,0.13215482253581284,0.9375
48,290,0.15390887372195722,0.928125
48,300,0.13701670113950967,0.95
49,10,0.09720765557140112,0.959375
49,20,0.1530737679451704,0.95625
49,30,0.14532819828018545,0.953125
49,40,0.1814204603433609,0.93125
49,50,0.11515205204486847,0.946875
49,60,0.1500651590526104,0.946875
49,70,0.11702929623425007,0.959375
49,80,0.13838068745099008,0.928125
49,90,0.08584971129894256,0.971875
49,100,0.11071547642350196,0.95
49,110,0.09536067917943,0.959375
49,120,0.11645366922020912,0.95625
49,130,0.08880349807441235,0.9625
49,140,0.10807502493262292,0.9625
49,150,0.11945718452334404,0.959375
49,160,0.15966614037752153,0.953125
49,170,0.12394235376268625,0.946875
49,180,0.06940227290615439,0.978125
49,190,0.14913803711533546,0.946875
49,200,0.09230704307556152,0.965625
49,210,0.10691160075366497,0.95625
49,220,0.10656041372567415,0.95625
49,230,0.10466822069138289,0.96875
49,240,0.18574268221855164,0.940625
49,250,0.1429327267454937,0.95
49,260,0.17715784758329392,0.925
49,270,0.08580843452364206,0.965625
49,280,0.12477852962911129,0.946875
49,290,0.16057507880032063,0.940625
49,300,0.13607306703925132,0.953125
