0,10,3.4348124980926515,0.153125
0,20,2.9423613786697387,0.29375
0,30,2.856386971473694,0.246875
0,40,2.7993029594421386,0.265625
0,50,2.5922632455825805,0.3375
0,60,2.577555465698242,0.340625
0,70,2.571630859375,0.321875
0,80,2.497643518447876,0.33125
0,90,2.4043846011161802,0.371875
0,100,2.0918400049209596,0.440625
0,110,2.096139407157898,0.45
0,120,1.9373221158981324,0.496875
0,130,1.8705264449119567,0.5125
0,140,2.0028267025947573,0.425
0,150,1.9256099343299866,0.478125
0,160,1.752262568473816,0.5125
0,170,1.608261501789093,0.56875
0,180,1.8016851186752318,0.496875
0,190,1.6786664366722106,0.559375
0,200,1.7865050077438354,0.5375
0,210,1.6428078889846802,0.553125
0,220,1.4961679697036743,0.5875
0,230,1.5514227151870728,0.603125
0,240,1.4450666069984437,0.590625
0,250,1.485305416584015,0.54375
0,260,1.6319151401519776,0.55
0,270,1.6254818439483643,0.51875
0,280,1.6191633105278016,0.55625
0,290,1.4009595036506652,0.59375
0,300,1.5023216962814332,0.575
1,10,1.4024376273155212,0.615625
1,20,1.3472138047218323,0.61875
1,30,1.303959846496582,0.64375
1,40,1.4698816061019897,0.575
1,50,1.4321202278137206,0.59375
1,60,1.2502731740474702,0.609375
1,70,1.2827800691127778,0.628125
1,80,1.1442156493663789,0.690625
1,90,1.3265024662017821,0.621875
1,100,1.2286536157131196,0.64375
1,110,1.4068255066871642,0.6
1,120,1.2260600864887237,0.65625
1,130,1.1254192173480988,0.671875
1,140,1.316686648130417,0.628125
1,150,1.1932887196540833,0.675
1,160,1.2008027732372284,0.634375
1,170,1.1754412949085236,0.659375
1,180,1.0998350143432618,0.715625
1,190,1.1191438019275666,0.678125
1,200,1.0633597671985626,0.69375
1,210,1.1312808454036714,0.65625
1,220,1.1456189632415772,0.65625
1,230,1.2134723126888276,0.65
1,240,1.179991215467453,0.659375
1,250,1.0675553143024445,0.709375
1,260,1.041431301832199,0.69375
1,270,1.0426306545734405,0.7125
1,280,1.1124252676963806,0.675
1,290,0.9662620782852173,0.7125
1,300,1.0893149077892303,0.696875
2,10,1.1090083420276642,0.68125
2,20,1.0127227187156678,0.709375
2,30,0.9614296376705169,0.740625
2,40,0.868067330121994,0.753125
2,50,0.8791612029075623,0.775
2,60,1.0785493314266206,0.678125
2,70,1.0614921271800994,0.68125
2,80,1.0276139318943023,0.71875
2,90,0.9260580360889434,0.725
2,100,1.0468021154403686,0.715625
2,110,1.0795566082000732,0.6875
2,120,0.8817909717559814,0.73125
2,130,0.9460190951824188,0.721875
2,140,1.0913062989711761,0.678125
2,150,0.9641179203987121,0.70625
2,160,0.9252215445041656,0.734375
2,170,1.0176001071929932,0.7125
2,180,0.8786241471767425,0.74375
2,190,0.9699655890464782,0.725
2,200,0.8415237247943879,0.73125
2,210,0.7456033021211624,0.790625
2,220,0.8351477742195129,0.746875
2,230,0.8830655753612519,0.725
2,240,0.988625168800354,0.728125
2,250,0.9446234703063965,0.70625
2,260,0.9048552334308624,0.75
2,270,0.8519430756568909,0.71875
2,280,0.8143686175346374,0.7375
2,290,0.9074380189180374,0.709375
2,300,0.8579274117946625,0.73125
3,10,0.7639628410339355,0.7875
3,20,0.835625296831131,0.759375
3,30,0.8456696450710297,0.746875
3,40,0.7899718105792999,0.759375
3,50,0.9140860438346863,0.75
3,60,0.892506068944931,0.74375
3,70,0.7039283365011215,0.775
3,80,0.9316878497600556,0.70625
3,90,0.9554423272609711,0.71875
3,100,0.9229681253433227,0.759375
3,110,0.7499375164508819,0.778125
3,120,0.9063145309686661,0.734375
3,130,0.84588982462883,0.75625
3,140,1.025805652141571,0.725
3,150,0.8394791007041931,0.75
3,160,0.8904234826564789,0.7375
3,170,0.7527975618839264,0.796875
3,180,0.8412602961063385,0.759375
3,190,0.7296155840158463,0.78125
3,200,0.8929081052541733,0.75
3,210,0.8655404448509216,0.753125
3,220,0.8899868428707123,0.71875
3,230,0.8684342384338379,0.759375
3,240,0.7973858416080475,0.784375
3,250,0.7397791653871536,0.778125
3,260,0.7495778650045395,0.7625
3,270,0.7596625477075577,0.771875
3,280,0.78548484146595,0.753125
3,290,0.6875705659389496,0.7875
3,300,0.8214859753847122,0.76875
4,10,0.8557439506053924,0.740625
4,20,0.8201169192790985,0.76875
4,30,0.7951517760753631,0.778125
4,40,0.8776347875595093,0.703125
4,50,0.7639135897159577,0.740625
4,60,0.7789249926805496,0.7875
4,70,0.7612234890460968,0.78125
4,80,0.9020013451576233,0.725
4,90,0.8045153081417084,0.759375
4,100,0.7858920156955719,0.7875
4,110,0.6045589834451676,0.8
4,120,0.7839797616004944,0.765625
4,130,0.7746994376182557,0.753125
4,140,0.583990404009819,0.821875
4,150,0.6261407673358917,0.8125
4,160,0.6889873623847962,0.790625
4,170,0.7784405529499054,0.7625
4,180,0.746630409359932,0.7875
4,190,0.7248693764209747,0.778125
4,200,0.7119302481412888,0.79375
4,210,0.7841779828071594,0.753125
4,220,0.826953387260437,0.771875
4,230,0.7530337005853653,0.753125
4,240,0.7790667116641998,0.76875
4,250,0.6549201071262359,0.8
4,260,0.744131138920784,0.778125
4,270,0.6960151493549347,0.784375
4,280,0.7786468803882599,0.746875
4,290,0.8354236543178558,0.75
4,300,0.7106930911540985,0.778125
5,10,0.7932786405086517,0.753125
5,20,0.648401415348053,0.790625
5,30,0.6767006814479828,0.790625
5,40,0.6060662716627121,0.809375
5,50,0.692651990056038,0.803125
5,60,0.5860254883766174,0.828125
5,70,0.6686998009681702,0.815625
5,80,0.6262036681175231,0.790625
5,90,0.6204838663339615,0.821875
5,100,0.6898636281490326,0.784375
5,110,0.706358602643013,0.76875
5,120,0.6379379063844681,0.815625
5,130,0.757403501868248,0.775
5,140,0.7123948276042938,0.78125
5,150,0.6758269816637039,0.809375
5,160,0.7495486259460449,0.759375
5,170,0.7005740910768509,0.803125
5,180,0.6121919542551041,0.821875
5,190,0.5943186044692993,0.828125
5,200,0.7593925356864929,0.78125
5,210,0.6952356815338134,0.76875
5,220,0.602083945274353,0.828125
5,230,0.6083456307649613,0.821875
5,240,0.6750010013580322,0.7875
5,250,0.6268914103507995,0.8
5,260,0.656265377998352,0.815625
5,270,0.7290988177061081,0.809375
5,280,0.7408765375614166,0.7625
5,290,0.7556172639131546,0.75625
5,300,0.8229900121688842,0.7375
6,10,0.6963224172592163,0.771875
6,20,0.6183254688978195,0.815625
6,30,0.706834152340889,0.790625
6,40,0.6464692115783691,0.821875
6,50,0.5724704056978226,0.825
6,60,0.5523845881223679,0.834375
6,70,0.6344222515821457,0.809375
6,80,0.6376030713319778,0.796875
6,90,0.5509390011429787,0.853125
6,100,0.695775392651558,0.80625
6,110,0.5603586256504058,0.821875
6,120,0.756563913822174,0.771875
6,130,0.681439995765686,0.8
6,140,0.658633679151535,0.80625
6,150,0.6959762513637543,0.78125
6,160,0.571885022521019,0.81875
6,170,0.7605984628200531,0.7625
6,180,0.5608551621437072,0.8375
6,190,0.7489695191383362,0.76875
6,200,0.6344797611236572,0.784375
6,210,0.6396163433790207,0.803125
6,220,0.5612249135971069,0.809375
6,230,0.6970266222953796,0.80625
6,240,0.5560391277074814,0.840625
6,250,0.6431249678134918,0.815625
6,260,0.7233174860477447,0.8
6,270,0.6780998110771179,0.78125
6,280,0.7688198566436768,0.746875
6,290,0.7110065996646882,0.7875
6,300,0.7101341038942337,0.775
7,10,0.5864601463079453,0.8125
7,20,0.7208955883979797,0.78125
7,30,0.6918620109558106,0.78125
7,40,0.6147497355937958,0.821875
7,50,0.5510107517242432,0.81875
7,60,0.5720213562250137,0.8375
7,70,0.5802552551031113,0.79375
7,80,0.6283587068319321,0.796875
7,90,0.5901932716369629,0.825
7,100,0.5826656132936477,0.821875
7,110,0.5961414545774459,0.815625
7,120,0.571860072016716,0.809375
7,130,0.6958471715450287,0.790625
7,140,0.6266483783721923,0.821875
7,150,0.5874768048524857,0.815625
7,160,0.6893006354570389,0.790625
7,170,0.5440815478563309,0.846875
7,180,0.6012539863586426,0.821875
7,190,0.722209244966507,0.78125
7,200,0.5871512770652771,0.815625
7,210,0.582713571190834,0.834375
7,220,0.47672157287597655,0.846875
7,230,0.5691690653562546,0.8125
7,240,0.6920578479766846,0.796875
7,250,0.5786017686128616,0.815625
7,260,0.6020657241344451,0.7875
7,270,0.5938821256160736,0.809375
7,280,0.5748056918382645,0.821875
7,290,0.6697495967149735,0.80625
7,300,0.6419574618339539,0.8125
8,10,0.6073453247547149,0.8125
8,20,0.5909995853900909,0.828125
8,30,0.6179071366786957,0.803125
8,40,0.5199534654617309,0.828125
8,50,0.581966245174408,0.815625
8,60,0.6409248262643814,0.8
8,70,0.5434069484472275,0.8375
8,80,0.6212274610996247,0.8
8,90,0.5096560478210449,0.83125
8,100,0.610951216518879,0.828125
8,110,0.5656452387571335,0.8125
8,120,0.4491958513855934,0.878125
8,130,0.590273517370224,0.815625
8,140,0.5331645980477333,0.840625
8,150,0.6571537852287292,0.809375
8,160,0.5166977316141128,0.85
8,170,0.5560125112533569,0.821875
8,180,0.5350462943315506,0.8375
8,190,0.4513203129172325,0.86875
8,200,0.6491340070962905,0.8
8,210,0.6574184447526932,0.80625
8,220,0.5351249426603317,0.834375
8,230,0.5209815889596939,0.83125
8,240,0.49718337655067446,0.821875
8,250,0.5330510258674621,0.825
8,260,0.6647616937756539,0.815625
8,270,0.6701300919055939,0.8
8,280,0.5835881620645523,0.80625
8,290,0.528358319401741,0.828125
8,300,0.526344296336174,0.85625
9,10,0.5543638736009597,0.8125
9,20,0.577287295460701,0.809375
9,30,0.5183506548404694,0.825
9,40,0.5536012589931488,0.80625
9,50,0.520873011648655,0.8125
9,60,0.6012504696846008,0.803125
9,70,0.531072148680687,0.840625
9,80,0.5341461062431335,0.828125
9,90,0.5058387011289597,0.8375
9,100,0.6123412907123565,0.80625
9,110,0.6389127820730209,0.815625
9,120,0.5097522407770156,0.859375
9,130,0.5867401361465454,0.8
9,140,0.5620432317256927,0.825
9,150,0.5380452543497085,0.84375
9,160,0.5321279108524323,0.83125
9,170,0.5891292363405227,0.81875
9,180,0.5651253044605256,0.8375
9,190,0.5992361575365066,0.84375
9,200,0.6378444552421569,0.821875
9,210,0.5425743788480759,0.828125
9,220,0.5839267760515213,0.80625
9,230,0.4580148242413998,0.84375
9,240,0.5522299975156784,0.83125
9,250,0.5446362137794495,0.828125
9,260,0.4918822795152664,0.85625
9,270,0.6727980673313141,0.8125
9,280,0.5456948056817055,0.840625
9,290,0.3738115668296814,0.9125
9,300,0.48939657807350156,0.846875
10,10,0.5716832265257835,0.834375
10,20,0.4737602069973946,0.8375
10,30,0.4610073894262314,0.859375
10,40,0.5035944536328316,0.85625
10,50,0.5506175935268403,0.809375
10,60,0.46535860002040863,0.853125
10,70,0.654115229845047,0.790625
10,80,0.5853946447372437,0.8125
10,90,0.5444815754890442,0.84375
10,100,0.5680224478244782,0.81875
10,110,0.5462344199419021,0.84375
10,120,0.6089841425418854,0.834375
10,130,0.48017735183238985,0.846875
10,140,0.5977939277887344,0.803125
10,150,0.545419842004776,0.821875
10,160,0.5281112164258956,0.821875
10,170,0.5664394915103912,0.825
10,180,0.5818300604820251,0.834375
10,190,0.45340983122587203,0.85
10,200,0.5781630277633667,0.8125
10,210,0.5891136467456818,0.821875
10,220,0.5682070761919021,0.84375
10,230,0.5299728944897651,0.81875
10,240,0.5053866744041443,0.85625
10,250,0.5018073484301567,0.840625
10,260,0.5927836477756501,0.825
10,270,0.467735955119133,0.840625
10,280,0.485732501745224,0.8625
10,290,0.4605637013912201,0.853125
10,300,0.45934927463531494,0.840625
11,10,0.718413358926773,0.79375
11,20,0.5265069842338562,0.853125
11,30,0.5537633508443832,0.846875
11,40,0.5288970351219178,0.825
11,50,0.5469547569751739,0.834375
11,60,0.5222631484270096,0.846875
11,70,0.4870154201984406,0.81875
11,80,0.4012072265148163,0.8625
11,90,0.5140860736370086,0.846875
11,100,0.45637032240629194,0.875
11,110,0.5121570080518723,0.828125
11,120,0.4990784853696823,0.840625
11,130,0.49453709125518797,0.825
11,140,0.5216401889920235,0.8125
11,150,0.5077254235744476,0.834375
11,160,0.509968027472496,0.83125
11,170,0.48585040867328644,0.8375
11,180,0.48690938055515287,0.821875
11,190,0.38827552646398544,0.878125
11,200,0.41935187131166457,0.875
11,210,0.4432254761457443,0.8625
11,220,0.5290439039468765,0.821875
11,230,0.4627667486667633,0.859375
11,240,0.5230618745088578,0.83125
11,250,0.42742678374052046,0.875
11,260,0.5264443412423134,0.825
11,270,0.4957230478525162,0.84375
11,280,0.540661096572876,0.821875
11,290,0.470475472509861,0.84375
11,300,0.5384172618389129,0.840625
12,10,0.4505169540643692,0.85625
12,20,0.42135216295719147,0.865625
12,30,0.5119166120886802,0.83125
12,40,0.5039873585104943,0.84375
12,50,0.5909677058458328,0.81875
12,60,0.41690145879983903,0.884375
12,70,0.45019311606884005,0.8625
12,80,0.3515375956892967,0.884375
12,90,0.4696506604552269,0.840625
12,100,0.5533037960529328,0.846875
12,110,0.4296213433146477,0.878125
12,120,0.44119474440813067,0.859375
12,130,0.5480433940887451,0.81875
12,140,0.4046490490436554,0.878125
12,150,0.4481967702507973,0.853125
12,160,0.5053726613521576,0.853125
12,170,0.446630035340786,0.85
12,180,0.4119951993227005,0.8625
12,190,0.49919665455818174,0.846875
12,200,0.5829470992088318,0.83125
12,210,0.5364912480115891,0.84375
12,220,0.5536761194467544,0.80625
12,230,0.47489518076181414,0.840625
12,240,0.5522375196218491,0.815625
12,250,0.5662492454051972,0.828125
12,260,0.536719661951065,0.846875
12,270,0.5175892472267151,0.821875
12,280,0.42370053231716154,0.89375
12,290,0.4484023481607437,0.846875
12,300,0.5232928693294525,0.828125
13,10,0.45932861864566804,0.840625
13,20,0.38877545297145844,0.85625
13,30,0.4312184497714043,0.85
13,40,0.43010830879211426,0.8625
13,50,0.44604342579841616,0.865625
13,60,0.4630272790789604,0.83125
13,70,0.5069032996892929,0.8375
13,80,0.4936246067285538,0.85625
13,90,0.4190117448568344,0.846875
13,100,0.415106438100338,0.865625
13,110,0.5398951560258866,0.853125
13,120,0.4866936653852463,0.8625
13,130,0.560498183965683,0.803125
13,140,0.401145139336586,0.8875
13,150,0.5132517576217651,0.8375
13,160,0.4397044122219086,0.86875
13,170,0.5067009136080742,0.840625
13,180,0.4393747583031654,0.85
13,190,0.48078890442848204,0.859375
13,200,0.42553725391626357,0.878125
13,210,0.49830995947122575,0.853125
13,220,0.5165533855557441,0.83125
13,230,0.46195634752511977,0.865625
13,240,0.43962922096252444,0.859375
13,250,0.3994938924908638,0.88125
13,260,0.4220612898468971,0.865625
13,270,0.43768190294504167,0.865625
13,280,0.44760915338993074,0.840625
13,290,0.3974537268280983,0.865625
13,300,0.6022499531507493,0.8375
14,10,0.4860763311386108,0.859375
14,20,0.4915553778409958,0.840625
14,30,0.3737411305308342,0.875
14,40,0.41871517449617385,0.8625
14,50,0.42756825387477876,0.859375
14,60,0.39211793839931486,0.8875
14,70,0.40424405634403227,0.865625
14,80,0.4193047046661377,0.85625
14,90,0.4585767284035683,0.85625
14,100,0.467738451063633,0.846875
14,110,0.4555039882659912,0.859375
14,120,0.5192889034748077,0.825
14,130,0.49658369421958926,0.85625
14,140,0.4224954664707184,0.878125
14,150,0.4211398810148239,0.865625
14,160,0.4068442896008492,0.86875
14,170,0.5034441664814949,0.853125
14,180,0.4897141382098198,0.846875
14,190,0.5140241712331772,0.821875
14,200,0.5922510772943497,0.825
14,210,0.5086452513933182,0.85
14,220,0.4397429957985878,0.871875
14,230,0.45044948160648346,0.834375
14,240,0.5189274758100509,0.846875
14,250,0.51593057513237,0.846875
14,260,0.42524148523807526,0.88125
14,270,0.38810815513134,0.871875
14,280,0.45374486446380613,0.85625
14,290,0.3711770102381706,0.86875
14,300,0.4012881964445114,0.86875
15,10,0.3031552255153656,0.90625
15,20,0.31359780132770537,0.9
15,30,0.3812003657221794,0.88125
15,40,0.4532082721590996,0.86875
15,50,0.4417336717247963,0.875
15,60,0.37577407360076903,0.8875
15,70,0.4366599678993225,0.859375
15,80,0.5181313186883927,0.853125
15,90,0.49861224591732023,0.828125
15,100,0.356538425385952,0.88125
15,110,0.373392291367054,0.88125
15,120,0.4281516134738922,0.865625
15,130,0.4244241237640381,0.8625
15,140,0.39496627897024156,0.878125
15,150,0.4707275152206421,0.8625
15,160,0.510266688466072,0.84375
15,170,0.38448176234960557,0.8875
15,180,0.5631967514753342,0.821875
15,190,0.4186213329434395,0.859375
15,200,0.38270975053310397,0.878125
15,210,0.4716155454516411,0.859375
15,220,0.38050608336925507,0.884375
15,230,0.49386499226093294,0.840625
15,240,0.5264542564749718,0.846875
15,250,0.4389209136366844,0.871875
15,260,0.5368141889572143,0.840625
15,270,0.502094516158104,0.859375
15,280,0.5260871201753616,0.825
15,290,0.44776476472616195,0.865625
15,300,0.4212401211261749,0.846875
16,10,0.39617687091231346,0.871875
16,20,0.4187061846256256,0.859375
16,30,0.4070883676409721,0.878125
16,40,0.48195422291755674,0.859375
16,50,0.3117601990699768,0.9
16,60,0.3814007490873337,0.86875
16,70,0.34992793649435044,0.88125
16,80,0.3309311643242836,0.878125
16,90,0.37015137672424314,0.8625
16,100,0.48419504463672636,0.84375
16,110,0.3338722392916679,0.89375
16,120,0.3482676103711128,0.909375
16,130,0.44146503806114196,0.88125
16,140,0.3434545204043388,0.8875
16,150,0.428584049642086,0.8625
16,160,0.4372772142291069,0.86875
16,170,0.4103950709104538,0.86875
16,180,0.48570206165313723,0.875
16,190,0.47239528596401215,0.846875
16,200,0.37167164236307143,0.88125
16,210,0.3748099520802498,0.878125
16,220,0.43015450090169904,0.853125
16,230,0.46239336431026457,0.85625
16,240,0.4587551265954971,0.875
16,250,0.46732039749622345,0.859375
16,260,0.4327690988779068,0.86875
16,270,0.42041831836104393,0.86875
16,280,0.3881943762302399,0.88125
16,290,0.4799579977989197,0.846875
16,300,0.4175609529018402,0.84375
17,10,0.5039575517177581,0.8375
17,20,0.4341124340891838,0.875
17,30,0.36802842617034914,0.875
17,40,0.38888855278491974,0.8625
17,50,0.5083075046539307,0.840625
17,60,0.45341955721378324,0.840625
17,70,0.4296493470668793,0.85625
17,80,0.3942909508943558,0.871875
17,90,0.44923308193683625,0.865625
17,100,0.3775988340377808,0.884375
17,110,0.4431364744901657,0.865625
17,120,0.4562565416097641,0.84375
17,130,0.39879332929849626,0.8625
17,140,0.4233114421367645,0.85625
17,150,0.49675644338130953,0.84375
17,160,0.42447082996368407,0.8625
17,170,0.3071316286921501,0.89375
17,180,0.38251789659261703,0.8625
17,190,0.49432161152362825,0.846875
17,200,0.4263796150684357,0.878125
17,210,0.3417373463511467,0.884375
17,220,0.38983896002173424,0.859375
17,230,0.36820289492607117,0.88125
17,240,0.3518808946013451,0.90625
17,250,0.33829849064350126,0.9
17,260,0.3284941419959068,0.878125
17,270,0.4187300741672516,0.853125
17,280,0.35156343728303907,0.88125
17,290,0.5160263046622277,0.84375
17,300,0.3600890263915062,0.890625
18,10,0.3719051584601402,0.878125
18,20,0.3443831980228424,0.9
18,30,0.3423089310526848,0.878125
18,40,0.4331125795841217,0.859375
18,50,0.4233417347073555,0.871875
18,60,0.4112319350242615,0.875
18,70,0.39059806913137435,0.85625
18,80,0.45839111506938934,0.85625
18,90,0.37779657542705536,0.884375
18,100,0.3723760813474655,0.896875
18,110,0.3524091765284538,0.878125
18,120,0.3489239916205406,0.878125
18,130,0.403468556702137,0.884375
18,140,0.37899689078330995,0.890625
18,150,0.46563862413167956,0.85625
18,160,0.3864398509263992,0.884375
18,170,0.4300254821777344,0.85625
18,180,0.34194765985012054,0.88125
18,190,0.44087311029434206,0.8625
18,200,0.3695187956094742,0.88125
18,210,0.3360618934035301,0.88125
18,220,0.32685626596212386,0.909375
18,230,0.4391119182109833,0.884375
18,240,0.37647490948438644,0.86875
18,250,0.29351685643196107,0.909375
18,260,0.36852185279130933,0.8875
18,270,0.3901203326880932,0.890625
18,280,0.404242180287838,0.878125
18,290,0.4996293231844902,0.853125
18,300,0.36769678369164466,0.86875
19,10,0.3943910449743271,0.8625
19,20,0.3728994235396385,0.9
19,30,0.4200934872031212,0.853125
19,40,0.34251379370689394,0.884375
19,50,0.39217535853385926,0.875
19,60,0.35573762506246565,0.9
19,70,0.3535441443324089,0.878125
19,80,0.43378778249025346,0.85625
19,90,0.37565123438835146,0.86875
19,100,0.4158036559820175,0.88125
19,110,0.33182064816355705,0.896875
19,120,0.4208094164729118,0.8625
19,130,0.3755521923303604,0.878125
19,140,0.371146222949028,0.88125
19,150,0.3941190391778946,0.878125
19,160,0.37385972738265993,0.875
19,170,0.43152945339679716,0.85625
19,180,0.3229353979229927,0.896875
19,190,0.4019260615110397,0.875
19,200,0.26946128681302073,0.90625
19,210,0.4040582440793514,0.875
19,220,0.46981672942638397,0.85625
19,230,0.42182749658823016,0.86875
19,240,0.45053685158491136,0.86875
19,250,0.44012861549854276,0.85625
19,260,0.3934741377830505,0.875
19,270,0.36083386540412904,0.878125
19,280,0.4733289748430252,0.83125
19,290,0.36696024537086486,0.871875
19,300,0.3700860396027565,0.8875
20,10,0.42477639615535734,0.875
20,20,0.37472305446863174,0.88125
20,30,0.3629967048764229,0.884375
20,40,0.350250069051981,0.875
20,50,0.37656012177467346,0.865625
20,60,0.44054673314094545,0.8625
20,70,0.32977143079042437,0.8875
20,80,0.44086754620075225,0.865625
20,90,0.3967918813228607,0.859375
20,100,0.40953442454338074,0.865625
20,110,0.4487023502588272,0.853125
20,120,0.4233842819929123,0.85625
20,130,0.37628461271524427,0.875
20,140,0.36148284301161765,0.9
20,150,0.28458474576473236,0.9
20,160,0.4558052569627762,0.853125
20,170,0.3728480741381645,0.865625
20,180,0.36372404396533964,0.871875
20,190,0.38286460787057874,0.878125
20,200,0.3525662809610367,0.884375
20,210,0.34456160813570025,0.890625
20,220,0.3561941832304001,0.88125
20,230,0.2534038782119751,0.934375
20,240,0.40095312893390656,0.85
20,250,0.36165056228637693,0.86875
20,260,0.36775102466344833,0.8625
20,270,0.4320826068520546,0.865625
20,280,0.33071174323558805,0.903125
20,290,0.4222058579325676,0.865625
20,300,0.34122765958309176,0.884375
21,10,0.3264921441674232,0.89375
21,20,0.3336787983775139,0.8875
21,30,0.37187747061252596,0.878125
21,40,0.3583988532423973,0.896875
21,50,0.3584418520331383,0.86875
21,60,0.3777792453765869,0.88125
21,70,0.3731253921985626,0.86875
21,80,0.33856894820928574,0.875
21,90,0.33733507096767423,0.890625
21,100,0.3551941066980362,0.890625
21,110,0.2983828991651535,0.90625
21,120,0.3316802427172661,0.884375
21,130,0.3559665739536285,0.875
21,140,0.40582609325647356,0.878125
21,150,0.36317800879478457,0.871875
21,160,0.39767268002033235,0.878125
21,170,0.3510413706302643,0.89375
21,180,0.3315811067819595,0.884375
21,190,0.5143611639738083,0.825
21,200,0.407974973320961,0.86875
21,210,0.3397841066122055,0.871875
21,220,0.4303365245461464,0.84375
21,230,0.31790001690387726,0.9
21,240,0.3493603691458702,0.8875
21,250,0.3755592107772827,0.8875
21,260,0.39692050963640213,0.86875
21,270,0.4380012944340706,0.865625
21,280,0.39890708327293395,0.865625
21,290,0.4005173474550247,0.884375
21,300,0.28586333692073823,0.9125
22,10,0.3840175688266754,0.878125
22,20,0.42020646333694456,0.865625
22,30,0.3287887305021286,0.890625
22,40,0.31996440552175043,0.890625
22,50,0.3960208803415298,0.871875
22,60,0.31447391360998156,0.890625
22,70,0.23906439319252967,0.925
22,80,0.4346940919756889,0.85
22,90,0.28036284297704694,0.9
22,100,0.3847737893462181,0.878125
22,110,0.36504277735948565,0.88125
22,120,0.2769308477640152,0.903125
22,130,0.476784011721611,0.840625
22,140,0.3868944585323334,0.884375
22,150,0.28858806043863294,0.909375
22,160,0.236590363830328,0.925
22,170,0.3381843000650406,0.890625
22,180,0.35369949638843534,0.88125
22,190,0.39795845448970796,0.871875
22,200,0.3227102644741535,0.9
22,210,0.2599386818706989,0.903125
22,220,0.33818244487047194,0.88125
22,230,0.4785555094480515,0.853125
22,240,0.40548485070466994,0.871875
22,250,0.31528947204351426,0.890625
22,260,0.3500079497694969,0.8625
22,270,0.39565215855836866,0.878125
22,280,0.36332106962800026,0.875
22,290,0.3265976220369339,0.8875
22,300,0.39411346316337587,0.875
23,10,0.2984162226319313,0.8875
23,20,0.38167363256216047,0.884375
23,30,0.2798512279987335,0.9
23,40,0.3048679202795029,0.903125
23,50,0.28679977655410765,0.90625
23,60,0.2779205821454525,0.89375
23,70,0.3132773622870445,0.890625
23,80,0.3567924275994301,0.88125
23,90,0.3270036570727825,0.8875
23,100,0.35321431756019595,0.871875
23,110,0.304534287750721,0.9
23,120,0.317509263753891,0.871875
23,130,0.3465614438056946,0.884375
23,140,0.4556739866733551,0.8625
23,150,0.2941027835011482,0.909375
23,160,0.3245707511901855,0.89375
23,170,0.36407107561826707,0.878125
23,180,0.29675916731357577,0.903125
23,190,0.28684482276439666,0.91875
23,200,0.35098091810941695,0.890625
23,210,0.31860790997743604,0.909375
23,220,0.35768898129463195,0.896875
23,230,0.3666969671845436,0.86875
23,240,0.3589861452579498,0.875
23,250,0.3114308461546898,0.89375
23,260,0.3833440333604813,0.865625
23,270,0.3490527331829071,0.875
23,280,0.3559360787272453,0.86875
23,290,0.288174769282341,0.903125
23,300,0.38098211735486986,0.88125
24,10,0.22889014109969139,0.909375
24,20,0.3511715278029442,0.89375
24,30,0.36790182888507844,0.890625
24,40,0.4084048196673393,0.859375
24,50,0.38526528477668764,0.871875
24,60,0.322729603946209,0.8875
24,70,0.39223156571388246,0.89375
24,80,0.34551295936107634,0.86875
24,90,0.3650936812162399,0.86875
24,100,0.272596874833107,0.90625
24,110,0.2925290480256081,0.890625
24,120,0.35722420662641524,0.89375
24,130,0.34255544766783713,0.875
24,140,0.2921050272881985,0.909375
24,150,0.3107151761651039,0.896875
24,160,0.34941639602184293,0.9125
24,170,0.35155940651893614,0.8875
24,180,0.3306129738688469,0.884375
24,190,0.37111196368932725,0.878125
24,200,0.2806502252817154,0.90625
24,210,0.2785578057169914,0.90625
24,220,0.2626544326543808,0.915625
24,230,0.36333961859345437,0.878125
24,240,0.29704758822917937,0.9125
24,250,0.2553532920777798,0.90625
24,260,0.37053367495536804,0.8875
24,270,0.37398701608181,0.871875
24,280,0.27207074910402296,0.903125
24,290,0.35426046550273893,0.890625
24,300,0.35832782834768295,0.8875
25,10,0.342611962556839,0.8875
25,20,0.34661097526550294,0.88125
25,30,0.3197128750383854,0.8875
25,40,0.29660584032535553,0.89375
25,50,0.27816924899816514,0.89375
25,60,0.3837471306324005,0.865625
25,70,0.34830766171216965,0.88125
25,80,0.23614114373922349,0.90625
25,90,0.36291437447071073,0.878125
25,100,0.3463475577533245,0.878125
25,110,0.28354271352291105,0.90625
25,120,0.3240522801876068,0.890625
25,130,0.31741673946380616,0.9
25,140,0.2549902468919754,0.903125
25,150,0.30476751253008844,0.884375
25,160,0.30725408121943476,0.9
25,170,0.22994369268417358,0.91875
25,180,0.36220181584358213,0.878125
25,190,0.40460598170757295,0.875
25,200,0.3951800376176834,0.9
25,210,0.3165046632289886,0.9125
25,220,0.3345175676047802,0.878125
25,230,0.3392254039645195,0.88125
25,240,0.3057312361896038,0.903125
25,250,0.3564737781882286,0.8875
25,260,0.34023057147860525,0.8875
25,270,0.27723788619041445,0.909375
25,280,0.4097631469368935,0.88125
25,290,0.34894982129335406,0.915625
25,300,0.3436416149139404,0.89375
26,10,0.3765409171581268,0.86875
26,20,0.2942449152469635,0.89375
26,30,0.3592483147978783,0.8875
26,40,0.3583000242710114,0.865625
26,50,0.2756280183792114,0.9
26,60,0.2527020379900932,0.90625
26,70,0.3886930152773857,0.871875
26,80,0.3039828404784203,0.903125
26,90,0.26971070319414137,0.909375
26,100,0.34199630469083786,0.884375
26,110,0.3307258412241936,0.878125
26,120,0.30317255556583406,0.9
26,130,0.42636455297470094,0.878125
26,140,0.31430246531963346,0.903125
26,150,0.28367236703634263,0.9
26,160,0.3136755168437958,0.9125
26,170,0.26183477193117144,0.921875
26,180,0.41508958786725997,0.8625
26,190,0.3440450578927994,0.896875
26,200,0.2994942583143711,0.8875
26,210,0.3505084618926048,0.9
26,220,0.28289510160684583,0.903125
26,230,0.298535518348217,0.89375
26,240,0.31919657737016677,0.8875
26,250,0.2617583304643631,0.9
26,260,0.373507060110569,0.865625
26,270,0.37252664417028425,0.89375
26,280,0.3878172367811203,0.89375
26,290,0.30614501535892485,0.909375
26,300,0.26474856659770013,0.921875
27,10,0.28500699549913405,0.91875
27,20,0.30361082702875136,0.896875
27,30,0.3511312335729599,0.884375
27,40,0.3386936023831367,0.89375
27,50,0.29741940945386885,0.9125
27,60,0.2722735397517681,0.903125
27,70,0.3162927508354187,0.903125
27,80,0.2694388136267662,0.91875
27,90,0.27740020006895066,0.884375
27,100,0.18999340236186982,0.946875
27,110,0.3358756437897682,0.890625
27,120,0.3500459253787994,0.896875
27,130,0.3160804212093353,0.89375
27,140,0.2417149655520916,0.928125
27,150,0.310993193089962,0.909375
27,160,0.2712865240871906,0.90625
27,170,0.2719596602022648,0.915625
27,180,0.3035373523831367,0.89375
27,190,0.25952688977122307,0.909375
27,200,0.3246911406517029,0.896875
27,210,0.21998151391744614,0.925
27,220,0.3366876348853111,0.9
27,230,0.3304462987929583,0.903125
27,240,0.24220833852887153,0.91875
27,250,0.280851323902607,0.90625
27,260,0.3384520098567009,0.89375
27,270,0.24802977442741395,0.925
27,280,0.3062934711575508,0.890625
27,290,0.3067340970039368,0.884375
27,300,0.29800170063972475,0.9
28,10,0.369885815680027,0.86875
28,20,0.2720060311257839,0.89375
28,30,0.2745389103889465,0.909375
28,40,0.3087420627474785,0.89375
28,50,0.25259945914149284,0.9125
28,60,0.36468336060643197,0.875
28,70,0.2581652984023094,0.9125
28,80,0.3499439626932144,0.8875
28,90,0.31284798830747607,0.903125
28,100,0.23599928468465806,0.915625
28,110,0.28205596581101416,0.896875
28,120,0.28452412933111193,0.909375
28,130,0.2255365327000618,0.91875
28,140,0.35017348229885104,0.875
28,150,0.31647785753011703,0.8875
28,160,0.39764105528593063,0.865625
28,170,0.3508812740445137,0.8875
28,180,0.3334926009178162,0.88125
28,190,0.2656666487455368,0.909375
28,200,0.3011247582733631,0.915625
28,210,0.3983153000473976,0.871875
28,220,0.38187428638339044,0.896875
28,230,0.3677455440163612,0.8875
28,240,0.2820122167468071,0.91875
28,250,0.188415290415287,0.921875
28,260,0.30700686722993853,0.89375
28,270,0.2552107311785221,0.928125
28,280,0.3665484577417374,0.9
28,290,0.2557737767696381,0.915625
28,300,0.376110702753067,0.871875
29,10,0.3300621975213289,0.89375
29,20,0.3069669894874096,0.915625
29,30,0.2890085011720657,0.90625
29,40,0.35071506798267366,0.9
29,50,0.32464037016034125,0.90625
29,60,0.39892218708992006,0.859375
29,70,0.3352392166852951,0.89375
29,80,0.3016729146242142,0.890625
29,90,0.2889749616384506,0.915625
29,100,0.2673165172338486,0.915625
29,110,0.301425851136446,0.9
29,120,0.2681799419224262,0.903125
29,130,0.29392045810818673,0.90625
29,140,0.23120869360864163,0.921875
29,150,0.2959895424544811,0.89375
29,160,0.28858954310417173,0.8875
29,170,0.34111111983656883,0.9
29,180,0.2717435143887997,0.89375
29,190,0.2920644313097,0.903125
29,200,0.2628796696662903,0.9
29,210,0.23985050320625306,0.915625
29,220,0.3378263831138611,0.884375
29,230,0.2112195000052452,0.915625
29,240,0.4274526372551918,0.859375
29,250,0.3741942450404167,0.88125
29,260,0.3622972249984741,0.878125
29,270,0.2968872621655464,0.909375
29,280,0.31181329637765887,0.8875
29,290,0.22968093454837799,0.928125
29,300,0.3141383156180382,0.8875
30,10,0.24818141385912895,0.915625
30,20,0.20210912711918355,0.9375
30,30,0.30423661321401596,0.915625
30,40,0.24210505709052085,0.9125
30,50,0.26164621859788895,0.91875
30,60,0.242063907161355,0.903125
30,70,0.2906835786998272,0.9
30,80,0.25313367769122125,0.903125
30,90,0.28066045641899107,0.9
30,100,0.32244149446487425,0.884375
30,110,0.33847436755895616,0.8875
30,120,0.2667537689208984,0.921875
30,130,0.27161156237125395,0.896875
30,140,0.2749194622039795,0.9
30,150,0.30810349658131597,0.890625
30,160,0.2563328668475151,0.9125
30,170,0.3217139557003975,0.90625
30,180,0.332724017649889,0.890625
30,190,0.3159623071551323,0.896875
30,200,0.31504890993237494,0.890625
30,210,0.3420812889933586,0.909375
30,220,0.20407593622803688,0.9375
30,230,0.30951918959617614,0.884375
30,240,0.3131690576672554,0.903125
30,250,0.2894387677311897,0.915625
30,260,0.24195852056145667,0.928125
30,270,0.2529847338795662,0.9125
30,280,0.3767045609652996,0.875
30,290,0.36263220235705373,0.896875
30,300,0.3645563632249832,0.878125
31,10,0.2853041164577007,0.8875
31,20,0.314448644220829,0.884375
31,30,0.2681639984250069,0.909375
31,40,0.3630912393331528,0.8625
31,50,0.2238939054310322,0.928125
31,60,0.26660524010658265,0.915625
31,70,0.20936797559261322,0.93125
31,80,0.30627337992191317,0.88125
31,90,0.272050167620182,0.90625
31,100,0.28687696158885956,0.909375
31,110,0.33186529874801635,0.890625
31,120,0.32199828922748563,0.903125
31,130,0.25639345198869706,0.909375
31,140,0.2691760130226612,0.925
31,150,0.41853844821453096,0.85625
31,160,0.31572963297367096,0.896875
31,170,0.309259669482708,0.903125
31,180,0.35206613689661026,0.884375
31,190,0.3148626804351807,0.90625
31,200,0.2302994027733803,0.93125
31,210,0.24068829268217087,0.91875
31,220,0.27939312234520913,0.909375
31,230,0.29454020112752916,0.896875
31,240,0.26012276858091354,0.915625
31,250,0.25898721292614935,0.9125
31,260,0.32005487829446794,0.89375
31,270,0.35225881412625315,0.90625
31,280,0.24547899514436722,0.915625
31,290,0.36660939157009126,0.9
31,300,0.25571466237306595,0.925
32,10,0.27213618978857995,0.9125
32,20,0.2545263648033142,0.909375
32,30,0.38598278984427453,0.86875
32,40,0.20762877613306047,0.91875
32,50,0.2604423835873604,0.91875
32,60,0.29496526941657064,0.884375
32,70,0.3066266611218452,0.903125
32,80,0.245202898979187,0.9125
32,90,0.3283400222659111,0.88125
32,100,0.24103695303201675,0.928125
32,110,0.281940658390522,0.9125
32,120,0.2595469169318676,0.9125
32,130,0.32721258252859114,0.896875
32,140,0.2773226238787174,0.915625
32,150,0.31438040882349017,0.871875
32,160,0.22934260740876197,0.928125
32,170,0.20562399923801422,0.9375
32,180,0.24971062541007996,0.903125
32,190,0.37111942172050477,0.89375
32,200,0.3412523023784161,0.8875
32,210,0.3255211465060711,0.88125
32,220,0.2321643903851509,0.934375
32,230,0.3162086486816406,0.884375
32,240,0.26183430254459383,0.915625
32,250,0.38456623554229735,0.875
32,260,0.2787473574280739,0.90625
32,270,0.29187707155942916,0.896875
32,280,0.39672616869211197,0.85625
32,290,0.3227834552526474,0.8875
32,300,0.31792105734348297,0.8875
33,10,0.2645552694797516,0.921875
33,20,0.2915368005633354,0.9
33,30,0.29426987171173097,0.9
33,40,0.29964409321546553,0.890625
33,50,0.3199056822806597,0.89375
33,60,0.23748178407549858,0.921875
33,70,0.28208731263875964,0.903125
33,80,0.2921380292624235,0.91875
33,90,0.2496812079101801,0.9125
33,100,0.3025419808924198,0.9125
33,110,0.30830013900995257,0.8875
33,120,0.2650137394666672,0.925
33,130,0.25351236909627917,0.9125
33,140,0.24333804696798325,0.915625
33,150,0.2501178555190563,0.921875
33,160,0.32212129682302476,0.890625
33,170,0.2535848170518875,0.9
33,180,0.2281314879655838,0.93125
33,190,0.3005631141364574,0.890625
33,200,0.23024939149618148,0.921875
33,210,0.29616152346134184,0.90625
33,220,0.1842069447040558,0.940625
33,230,0.23141066133975982,0.93125
33,240,0.2900452509522438,0.9125
33,250,0.3117773324251175,0.8875
33,260,0.3799584865570068,0.871875
33,270,0.257416520267725,0.9125
33,280,0.2663345023989677,0.90625
33,290,0.2733328592032194,0.9125
33,300,0.2938672281801701,0.9125
34,10,0.22944583296775817,0.9125
34,20,0.3066969081759453,0.9
34,30,0.2695805363357067,0.9375
34,40,0.24205351769924163,0.909375
34,50,0.29270608350634575,0.896875
34,60,0.21723819226026536,0.921875
34,70,0.2911953404545784,0.909375
34,80,0.19875368028879165,0.946875
34,90,0.21301948130130768,0.9375
34,100,0.26379856616258623,0.915625
34,110,0.25993984192609787,0.9125
34,120,0.2911701649427414,0.903125
34,130,0.31770339235663414,0.90625
34,140,0.17224314138293267,0.95
34,150,0.25356328934431077,0.9
34,160,0.21724255345761775,0.928125
34,170,0.24826440960168839,0.896875
34,180,0.2873502694070339,0.91875
34,190,0.25081933215260505,0.925
34,200,0.23187421038746833,0.91875
34,210,0.4057576984167099,0.871875
34,220,0.22314412891864777,0.93125
34,230,0.30014582313597205,0.9
34,240,0.24980075806379318,0.93125
34,250,0.2899224407970905,0.9125
34,260,0.32866417318582536,0.8875
34,270,0.25834508389234545,0.903125
34,280,0.24418922886252403,0.909375
34,290,0.2754453904926777,0.915625
34,300,0.3147234424948692,0.903125
35,10,0.28559052050113676,0.915625
35,20,0.2458799693733454,0.909375
35,30,0.26686583533883096,0.928125
35,40,0.27247361093759537,0.896875
35,50,0.28683793544769287,0.9
35,60,0.2894747585058212,0.915625
35,70,0.20258726701140403,0.928125
35,80,0.3041527569293976,0.896875
35,90,0.28369638286530974,0.896875
35,100,0.2978616263717413,0.903125
35,110,0.2809661939740181,0.896875
35,120,0.21613990440964698,0.928125
35,130,0.24859918802976608,0.91875
35,140,0.22535017877817154,0.93125
35,150,0.26932543739676473,0.909375
35,160,0.2652414120733738,0.909375
35,170,0.2595350444316864,0.928125
35,180,0.2470142014324665,0.9125
35,190,0.21642893329262733,0.934375
35,200,0.17373312450945377,0.9375
35,210,0.32248700261116026,0.90625
35,220,0.26108801662921904,0.909375
35,230,0.293908517062664,0.909375
35,240,0.28506648242473603,0.9
35,250,0.2870244890451431,0.909375
35,260,0.2930279403924942,0.9
35,270,0.22377678006887436,0.921875
35,280,0.32019047290086744,0.8875
35,290,0.21681663542985916,0.915625
35,300,0.2843790303915739,0.90625
36,10,0.17820796519517898,0.934375
36,20,0.22607284411787987,0.91875
36,30,0.27495812326669694,0.915625
36,40,0.23877967596054078,0.909375
36,50,0.25332979410886763,0.93125
36,60,0.28441909328103065,0.9125
36,70,0.19739259630441666,0.928125
36,80,0.26625915616750717,0.93125
36,90,0.2049081042408943,0.925
36,100,0.25606374703347684,0.9125
36,110,0.21081407144665718,0.928125
36,120,0.2573136813938618,0.915625
36,130,0.28858493864536283,0.89375
36,140,0.306349391490221,0.89375
36,150,0.288790050894022,0.90625
36,160,0.2089327335357666,0.903125
36,170,0.2528690047562122,0.90625
36,180,0.32396587282419204,0.89375
36,190,0.23254712745547296,0.93125
36,200,0.23231574445962905,0.90625
36,210,0.20081571713089943,0.93125
36,220,0.32481878995895386,0.90625
36,230,0.2615492641925812,0.896875
36,240,0.27847123965620996,0.90625
36,250,0.1731628529727459,0.940625
36,260,0.24574143514037133,0.9
36,270,0.21766148284077644,0.925
36,280,0.20006341636180877,0.934375
36,290,0.25944351553916933,0.909375
36,300,0.2785675659775734,0.909375
37,10,0.2704551234841347,0.9
37,20,0.2057357717305422,0.921875
37,30,0.22474499344825744,0.928125
37,40,0.21757871769368647,0.921875
37,50,0.23536624424159527,0.925
37,60,0.2683390900492668,0.921875
37,70,0.2765790618956089,0.903125
37,80,0.20284332558512688,0.90625
37,90,0.27641891092062,0.9
37,100,0.25440712869167326,0.9125
37,110,0.2344812348484993,0.91875
37,120,0.1965547025203705,0.921875
37,130,0.3063732698559761,0.896875
37,140,0.15083574280142784,0.953125
37,150,0.17387276738882065,0.946875
37,160,0.2345418356359005,0.915625
37,170,0.2252750240266323,0.934375
37,180,0.2429839089512825,0.909375
37,190,0.18687136024236678,0.925
37,200,0.2609312914311886,0.909375
37,210,0.24551825374364852,0.909375
37,220,0.22067132368683814,0.921875
37,230,0.29028166383504866,0.8875
37,240,0.33576865047216414,0.890625
37,250,0.2293943092226982,0.925
37,260,0.22881780341267585,0.915625
37,270,0.28691885620355606,0.903125
37,280,0.26079962253570554,0.909375
37,290,0.2320658229291439,0.928125
37,300,0.24467699080705643,0.928125
38,10,0.26030752509832383,0.915625
38,20,0.26296541541814805,0.9125
38,30,0.26411707103252413,0.903125
38,40,0.24257904700934887,0.921875
38,50,0.18208968713879586,0.946875
38,60,0.20970802307128905,0.90625
38,70,0.286572602391243,0.903125
38,80,0.28815157562494276,0.8875
38,90,0.20414374768733978,0.9375
38,100,0.26648233383893966,0.9125
38,110,0.2625909011811018,0.909375
38,120,0.24577630013227464,0.91875
38,130,0.21958907507359982,0.93125
38,140,0.3153366770595312,0.903125
38,150,0.2180467452853918,0.934375
38,160,0.22019252479076384,0.940625
38,170,0.2283012866973877,0.915625
38,180,0.27202070504426956,0.925
38,190,0.2408830463886261,0.909375
38,200,0.1900911945849657,0.93125
38,210,0.2627098225057125,0.925
38,220,0.2416045468300581,0.925
38,230,0.31509828120470046,0.8875
38,240,0.18848734945058823,0.934375
38,250,0.2684680499136448,0.884375
38,260,0.22340029403567313,0.928125
38,270,0.26664584279060366,0.90625
38,280,0.17044748663902282,0.95
38,290,0.2315499223768711,0.925
38,300,0.23336173072457314,0.91875
39,10,0.2203600239008665,0.934375
39,20,0.26345975548028944,0.915625
39,30,0.18606736399233342,0.94375
39,40,0.25580695681273935,0.925
39,50,0.2416741892695427,0.915625
39,60,0.14922593235969545,0.953125
39,70,0.17781606502830982,0.946875
39,80,0.24605819806456566,0.909375
39,90,0.21579814702272415,0.940625
39,100,0.13229930996894837,0.953125
39,110,0.21173169910907746,0.91875
39,120,0.2259621724486351,0.909375
39,130,0.23996790833771228,0.90625
39,140,0.16539555750787258,0.946875
39,150,0.279633679240942,0.91875
39,160,0.23641947284340858,0.934375
39,170,0.3251001834869385,0.903125
39,180,0.2376469884067774,0.921875
39,190,0.2179712526500225,0.921875
39,200,0.21405032016336917,0.93125
39,210,0.21255925446748733,0.925
39,220,0.3297814533114433,0.878125
39,230,0.36130566895008087,0.875
39,240,0.25273085236549375,0.915625
39,250,0.2787551894783974,0.90625
39,260,0.32187363803386687,0.878125
39,270,0.3346060924232006,0.88125
39,280,0.23778492100536824,0.934375
39,290,0.2536641605198383,0.915625
39,300,0.19469600580632687,0.934375
40,10,0.21748773530125617,0.921875
40,20,0.2258494719862938,0.925
40,30,0.24159753695130348,0.925
40,40,0.2253845576196909,0.91875
40,50,0.21507283300161362,0.921875
40,60,0.2509197164326906,0.909375
40,70,0.21006663367152215,0.928125
40,80,0.25132860988378525,0.915625
40,90,0.2411019004881382,0.928125
40,100,0.24895020127296447,0.91875
40,110,0.2688373252749443,0.9125
40,120,0.20439898893237113,0.9375
40,130,0.19272423163056374,0.928125
40,140,0.3292513594031334,0.903125
40,150,0.2800390899181366,0.925
40,160,0.24254365228116512,0.925
40,170,0.1904321800917387,0.934375
40,180,0.2415712833404541,0.915625
40,190,0.21234754025936126,0.940625
40,200,0.2159116894006729,0.93125
40,210,0.30560850352048874,0.9125
40,220,0.21302434541285037,0.921875
40,230,0.2807354673743248,0.90625
40,240,0.30575707629323007,0.9
40,250,0.3147897467017174,0.88125
40,260,0.27584893852472303,0.890625
40,270,0.2843206346035004,0.915625
40,280,0.2013034626841545,0.921875
40,290,0.19596344903111457,0.934375
40,300,0.2638171322643757,0.9125
41,10,0.22284284606575966,0.9375
41,20,0.23811386600136758,0.91875
41,30,0.1849802639335394,0.94375
41,40,0.2087005004286766,0.93125
41,50,0.18693692833185196,0.94375
41,60,0.3024273730814457,0.890625
41,70,0.2566920336335897,0.915625
41,80,0.2184959463775158,0.91875
41,90,0.2313363768160343,0.915625
41,100,0.30930703282356264,0.903125
41,110,0.2229514043778181,0.940625
41,120,0.26831990778446196,0.896875
41,130,0.1968793638050556,0.925
41,140,0.2929219245910645,0.903125
41,150,0.2196546398103237,0.93125
41,160,0.3123577140271664,0.896875
41,170,0.2715719290077686,0.909375
41,180,0.18837694302201272,0.925
41,190,0.23188342154026031,0.91875
41,200,0.31381484419107436,0.890625
41,210,0.22905189767479897,0.928125
41,220,0.3028286971151829,0.9
41,230,0.24167465679347516,0.915625
41,240,0.3100133821368217,0.909375
41,250,0.18198914006352424,0.94375
41,260,0.3098506599664688,0.890625
41,270,0.23296572864055634,0.928125
41,280,0.23631304688751698,0.90625
41,290,0.2368352882564068,0.940625
41,300,0.3261191565543413,0.9
42,10,0.17828189432621003,0.940625
42,20,0.326837494969368,0.878125
42,30,0.2430599957704544,0.9125
42,40,0.24605642966926097,0.925
42,50,0.22648123539984227,0.934375
42,60,0.17315134406089783,0.940625
42,70,0.23433034755289556,0.91875
42,80,0.23662062101066111,0.9125
42,90,0.2473011389374733,0.921875
42,100,0.21647551357746125,0.9375
42,110,0.21515200138092042,0.91875
42,120,0.2535005256533623,0.928125
42,130,0.25157757885754106,0.915625
42,140,0.26669467985630035,0.9
42,150,0.23774134665727614,0.915625
42,160,0.22252085879445077,0.93125
42,170,0.29804604724049566,0.90625
42,180,0.21426768004894256,0.921875
42,190,0.20463160201907157,0.93125
42,200,0.22339228615164758,0.91875
42,210,0.1924075663089752,0.928125
42,220,0.24876748919487,0.915625
42,230,0.2577540367841721,0.909375
42,240,0.15819871202111244,0.953125
42,250,0.19052475243806838,0.934375
42,260,0.1776319406926632,0.94375
42,270,0.21168375611305237,0.921875
42,280,0.2077918702736497,0.915625
42,290,0.2930543266236782,0.9
42,300,0.21420988291502,0.93125
43,10,0.23918253034353257,0.90625
43,20,0.25629166662693026,0.903125
43,30,0.17555046826601028,0.9375
43,40,0.18054473102092744,0.93125
43,50,0.26607920974493027,0.91875
43,60,0.18424383252859117,0.946875
43,70,0.23851619958877562,0.921875
43,80,0.23221390843391418,0.925
43,90,0.1940907843410969,0.928125
43,100,0.20247197411954404,0.93125
43,110,0.16403004601597787,0.94375
43,120,0.18707284480333328,0.9375
43,130,0.1619470577687025,0.94375
43,140,0.17188910134136676,0.934375
43,150,0.2466939754784107,0.928125
43,160,0.2977711454033852,0.9
43,170,0.22911143004894258,0.921875
43,180,0.2746153250336647,0.8875
43,190,0.18273086175322534,0.940625
43,200,0.1498346295207739,0.95
43,210,0.23990002870559693,0.921875
43,220,0.2351380318403244,0.903125
43,230,0.1665961004793644,0.928125
43,240,0.1925777405500412,0.90625
43,250,0.20088020414114,0.928125
43,260,0.2647945985198021,0.915625
43,270,0.25830553397536277,0.925
43,280,0.18460876010358335,0.940625
43,290,0.28601773679256437,0.890625
43,300,0.23586153462529183,0.921875
44,10,0.11074676141142845,0.96875
44,20,0.2008584812283516,0.91875
44,30,0.183908174932003,0.9375
44,40,0.22101777866482736,0.925
44,50,0.20574226630851628,0.928125
44,60,0.14764027073979377,0.946875
44,70,0.14330544136464596,0.95
44,80,0.15022848024964333,0.95
44,90,0.2460134245455265,0.896875
44,100,0.2218383438885212,0.91875
44,110,0.19433235749602318,0.925
44,120,0.15829140171408654,0.95625
44,130,0.24182412028312683,0.9125
44,140,0.22297118231654167,0.91875
44,150,0.23196784555912017,0.903125
44,160,0.22440385967493057,0.93125
44,170,0.28796027675271035,0.903125
44,180,0.25325707495212557,0.921875
44,190,0.2594044141471386,0.903125
44,200,0.2077857442200184,0.93125
44,210,0.2279765225946903,0.9125
44,220,0.20257360860705376,0.928125
44,230,0.2347226046025753,0.91875
44,240,0.20219690278172492,0.93125
44,250,0.17772584706544875,0.953125
44,260,0.19137766789644955,0.93125
44,270,0.21991923376917838,0.925
44,280,0.2380904845893383,0.915625
44,290,0.22899358347058296,0.925
44,300,0.2834016144275665,0.90625
45,10,0.24079943373799323,0.91875
45,20,0.2609239861369133,0.903125
45,30,0.22305342853069304,0.896875
45,40,0.2192344844341278,0.909375
45,50,0.23028347566723822,0.90625
45,60,0.21689605042338372,0.93125
45,70,0.24438624568283557,0.928125
45,80,0.16331926137208938,0.9375
45,90,0.19857703782618047,0.934375
45,100,0.23691564202308654,0.915625
45,110,0.29309861585497854,0.909375
45,120,0.2217520907521248,0.934375
45,130,0.27622530311346055,0.896875
45,140,0.3217108517885208,0.8875
45,150,0.31060470044612887,0.89375
45,160,0.21765832230448723,0.9125
45,170,0.20183412320911884,0.9375
45,180,0.27116132602095605,0.909375
45,190,0.1934312701225281,0.93125
45,200,0.1646114893257618,0.94375
45,210,0.1986446101218462,0.93125
45,220,0.23809327222406865,0.921875
45,230,0.21523909494280816,0.91875
45,240,0.23952959775924682,0.93125
45,250,0.13980429470539094,0.953125
45,260,0.19337608069181442,0.9375
45,270,0.260869213193655,0.90625
45,280,0.24407013803720473,0.909375
45,290,0.20087945088744164,0.91875
45,300,0.20435992777347564,0.91875
46,10,0.2547332778573036,0.9125
46,20,0.2281535416841507,0.925
46,30,0.2211143236607313,0.91875
46,40,0.25539328157901764,0.909375
46,50,0.2358022291213274,0.928125
46,60,0.21346500739455224,0.925
46,70,0.33756024241447447,0.890625
46,80,0.27750002816319463,0.90625
46,90,0.2690720438957214,0.896875
46,100,0.19742704182863235,0.921875
46,110,0.26440476439893246,0.91875
46,120,0.1640948887914419,0.95
46,130,0.24113696813583374,0.925
46,140,0.17468832433223724,0.94375
46,150,0.30786664560437205,0.903125
46,160,0.25265001226216555,0.921875
46,170,0.19672425836324692,0.91875
46,180,0.3432484891265631,0.8875
46,190,0.23491883501410485,0.91875
46,200,0.19656237214803696,0.928125
46,210,0.2788378305733204,0.91875
46,220,0.24260374382138253,0.91875
46,230,0.19829609245061874,0.925
46,240,0.1963628489524126,0.940625
46,250,0.217796291410923,0.928125
46,260,0.1403128791600466,0.95
46,270,0.2808188904076815,0.921875
46,280,0.20257131867110728,0.93125
46,290,0.18794204145669938,0.934375
46,300,0.21203190162777902,0.925
47,10,0.18930950686335563,0.9375
47,20,0.18103515952825547,0.940625
47,30,0.19605826251208783,0.925
47,40,0.14386671222746372,0.95625
47,50,0.16414579823613168,0.94375
47,60,0.16767095290124417,0.946875
47,70,0.1732231717556715,0.94375
47,80,0.17089309953153134,0.934375
47,90,0.20784800574183465,0.91875
47,100,0.17814320139586926,0.93125
47,110,0.3030680499970913,0.890625
47,120,0.18607673719525336,0.93125
47,130,0.19578208923339843,0.9375
47,140,0.18456904999911786,0.934375
47,150,0.18467253893613816,0.946875
47,160,0.2476967267692089,0.915625
47,170,0.21614039726555348,0.934375
47,180,0.19981498308479786,0.940625
47,190,0.1801882829517126,0.9375
47,200,0.18363106846809388,0.940625
47,210,0.24505821503698827,0.925
47,220,0.22156536616384984,0.93125
47,230,0.2320878490805626,0.9125
47,240,0.17284307666122914,0.9375
47,250,0.24604566153138877,0.91875
47,260,0.2625309333205223,0.909375
47,270,0.19086247384548188,0.93125
47,280,0.2235822021961212,0.921875
47,290,0.1853102594614029,0.9375
47,300,0.17987847216427327,0.928125
48,10,0.18847357630729675,0.94375
48,20,0.17919023521244526,0.94375
48,30,0.1895440336316824,0.934375
48,40,0.22014601305127143,0.925
48,50,0.211021775752306,0.93125
48,60,0.20416344106197357,0.940625
48,70,0.21249138563871384,0.915625
48,80,0.18026027753949164,0.93125
48,90,0.1448012102395296,0.959375
48,100,0.2308383949100971,0.921875
48,110,0.21833381429314613,0.909375
48,120,0.20955439656972885,0.94375
48,130,0.20560674145817756,0.934375
48,140,0.2142251744866371,0.925
48,150,0.19918034747242927,0.93125
48,160,0.23085810691118241,0.934375
48,170,0.1752595890313387,0.95
48,180,0.1734705889597535,0.9375
48,190,0.220483972504735,0.91875
48,200,0.20617392249405384,0.934375
48,210,0.16303352992981673,0.9375
48,220,0.20874514877796174,0.925
48,230,0.18878963962197304,0.934375
48,240,0.19251793175935744,0.9375
48,250,0.264177087880671,0.9125
48,260,0.21467201691120863,0.91875
48,270,0.1565013311803341,0.94375
48,280,0.1575777992606163,0.953125
48,290,0.2269246369600296,0.915625
48,300,0.22498286738991738,0.928125
49,10,0.1856584593653679,0.940625
49,20,0.16908805295825005,0.959375
49,30,0.215383492782712,0.93125
49,40,0.19567691311240196,0.921875
49,50,0.17827220112085343,0.94375
49,60,0.2551310181617737,0.921875
49,70,0.1634892649948597,0.93125
49,80,0.19281325824558734,0.934375
49,90,0.2548748984932899,0.921875
49,100,0.18323692306876183,0.93125
49,110,0.2675503991544247,0.915625
49,120,0.22960575968027114,0.903125
49,130,0.20163292437791824,0.925
49,140,0.22422537505626677,0.94375
49,150,0.27482073456048967,0.9
49,160,0.1602860815823078,0.94375
49,170,0.21018254105001688,0.93125
49,180,0.20142638236284255,0.953125
49,190,0.2344110321253538,0.909375
49,200,0.1342849962413311,0.95625
49,210,0.2657329231500626,0.909375
49,220,0.22730742990970612,0.928125
49,230,0.244125522300601,0.915625
49,240,0.15615927316248418,0.9375
49,250,0.2216140978038311,0.909375
49,260,0.20543829202651978,0.925
49,270,0.16082834247499705,0.94375
49,280,0.2609576404094696,0.909375
49,290,0.17907549031078815,0.9375
49,300,0.24058890268206595,0.91875
