0,10,3.3455111503601076,0.1625
0,20,2.8994720697402956,0.315625
0,30,2.725885438919067,0.296875
0,40,2.6573782920837403,0.34375
0,50,2.4316210985183715,0.371875
0,60,2.3963284492492676,0.371875
0,70,2.344444680213928,0.390625
0,80,2.2412182092666626,0.44375
0,90,1.997373342514038,0.484375
0,100,2.055968201160431,0.475
0,110,1.937136960029602,0.496875
0,120,1.8591017603874207,0.50625
0,130,1.6432027578353883,0.56875
0,140,1.706787919998169,0.5375
0,150,1.676260769367218,0.528125
0,160,1.5416899085044862,0.55625
0,170,1.6718468427658082,0.534375
0,180,1.517953836917877,0.584375
0,190,1.5317213535308838,0.546875
0,200,1.5084024786949157,0.603125
0,210,1.5042689561843872,0.553125
0,220,1.3509732842445374,0.621875
0,230,1.3121948182582854,0.64375
0,240,1.185519427061081,0.68125
0,250,1.3776019096374512,0.64375
0,260,1.2126747071743011,0.6625
0,270,1.369127982854843,0.609375
0,280,1.0895393788814545,0.7
0,290,1.1739459872245788,0.65625
0,300,1.022869622707367,0.696875
1,10,1.0203350841999055,0.728125
1,20,1.07256218791008,0.696875
1,30,1.0242866396903991,0.728125
1,40,0.9016474962234498,0.75625
1,50,1.0316644668579102,0.728125
1,60,1.0491797089576722,0.675
1,70,1.0572935402393342,0.70625
1,80,1.0644665479660034,0.69375
1,90,0.9777750074863434,0.715625
1,100,1.0195242702960967,0.709375
1,110,1.0109169363975525,0.7
1,120,0.9355797231197357,0.73125
1,130,1.015483558177948,0.728125
1,140,0.954797112941742,0.765625
1,150,0.845659738779068,0.76875
1,160,0.7760169625282287,0.790625
1,170,0.7704611659049988,0.80625
1,180,0.9144143283367157,0.734375
1,190,0.8036177515983581,0.753125
1,200,0.6776331663131714,0.8125
1,210,0.8186680525541306,0.7625
1,220,0.7022688269615174,0.790625
1,230,0.8763238608837127,0.75
1,240,0.7824438244104386,0.778125
1,250,0.8626167297363281,0.765625
1,260,0.7550119161605835,0.78125
1,270,0.8128478407859803,0.78125
1,280,0.7912773221731186,0.759375
1,290,0.6382146567106247,0.809375
1,300,0.900072169303894,0.715625
2,10,0.7372241795063019,0.784375
2,20,0.8020064532756805,0.725
2,30,0.7483927071094513,0.759375
2,40,0.8555516600608826,0.753125
2,50,0.8248938083648681,0.75
2,60,0.6775447756052018,0.821875
2,70,0.6117733120918274,0.83125
2,80,0.7184373706579208,0.81875
2,90,0.6438691824674606,0.80625
2,100,0.7293566793203354,0.775
2,110,0.6473979324102401,0.803125
2,120,0.6842255115509033,0.80625
2,130,0.602906095981598,0.83125
2,140,0.6870028331875802,0.778125
2,150,0.7624019622802735,0.78125
2,160,0.6373154252767563,0.81875
2,170,0.6783550351858139,0.8
2,180,0.728155541419983,0.76875
2,190,0.6184455156326294,0.825
2,200,0.5952530026435852,0.825
2,210,0.6232601076364517,0.825
2,220,0.6994450002908706,0.790625
2,230,0.5618635147809983,0.83125
2,240,0.6277233928442001,0.815625
2,250,0.584699946641922,0.828125
2,260,0.5966926604509354,0.821875
2,270,0.5677747011184693,0.84375
2,280,0.6008133560419082,0.825
2,290,0.5925309866666794,0.828125
2,300,0.4921139985322952,0.859375
3,10,0.525183516740799,0.81875
3,20,0.49406165182590484,0.840625
3,30,0.5159006804227829,0.865625
3,40,0.48078573048114776,0.865625
3,50,0.5337278112769127,0.83125
3,60,0.5892137050628662,0.796875
3,70,0.5176006704568863,0.84375
3,80,0.4955645203590393,0.84375
3,90,0.47612441182136533,0.859375
3,100,0.5514339148998261,0.846875
3,110,0.608833834528923,0.8125
3,120,0.5074421048164368,0.85
3,130,0.4821668714284897,0.85
3,140,0.471469147503376,0.865625
3,150,0.44513397961854934,0.8625
3,160,0.47411479949951174,0.8625
3,170,0.4862088352441788,0.85
3,180,0.4934680938720703,0.85
3,190,0.48485403060913085,0.85625
3,200,0.564212580025196,0.8125
3,210,0.4989324495196342,0.84375
3,220,0.5425998464226722,0.834375
3,230,0.5318379059433938,0.86875
3,240,0.45982766449451445,0.853125
3,250,0.5680113941431045,0.834375
3,260,0.4435838371515274,0.871875
3,270,0.6129303336143493,0.81875
3,280,0.5579749047756195,0.815625
3,290,0.44426428973674775,0.85
3,300,0.6082010179758072,0.809375
4,10,0.4777356833219528,0.85625
4,20,0.4088048815727234,0.878125
4,30,0.5163964807987214,0.821875
4,40,0.4388161227107048,0.853125
4,50,0.41049632877111436,0.890625
4,60,0.4280619814991951,0.875
4,70,0.43820831179618835,0.86875
4,80,0.4417601741850376,0.8625
4,90,0.4719130754470825,0.8625
4,100,0.44163412153720855,0.871875
4,110,0.4685992270708084,0.871875
4,120,0.44289075061678884,0.859375
4,130,0.4309443384408951,0.853125
4,140,0.45385652780532837,0.865625
4,150,0.4292945459485054,0.853125
4,160,0.4019668444991112,0.875
4,170,0.3861763998866081,0.865625
4,180,0.509316673874855,0.840625
4,190,0.4409527152776718,0.865625
4,200,0.4194892555475235,0.884375
4,210,0.46307287365198135,0.85
4,220,0.506355807185173,0.8625
4,230,0.49810202419757843,0.86875
4,240,0.3551169380545616,0.8875
4,250,0.4462708026170731,0.865625
4,260,0.37443827986717226,0.884375
4,270,0.4472338080406189,0.865625
4,280,0.39418425112962724,0.871875
4,290,0.3984805539250374,0.86875
4,300,0.41336354091763494,0.865625
5,10,0.4124099835753441,0.859375
5,20,0.33658754676580427,0.878125
5,30,0.3598780155181885,0.903125
5,40,0.5025970473885536,0.853125
5,50,0.34409232437610626,0.8875
5,60,0.4648900985717773,0.85
5,70,0.37891332507133485,0.9
5,80,0.3996253371238708,0.86875
5,90,0.3715044274926186,0.890625
5,100,0.3840461552143097,0.871875
5,110,0.3906918868422508,0.884375
5,120,0.497973296046257,0.825
5,130,0.4547110885381699,0.875
5,140,0.3227872520685196,0.88125
5,150,0.3749601811170578,0.89375
5,160,0.35613228678703307,0.896875
5,170,0.33980623036623003,0.890625
5,180,0.44467733502388,0.865625
5,190,0.4608966961503029,0.865625
5,200,0.44607157707214357,0.859375
5,210,0.30443778038024905,0.915625
5,220,0.4013247609138489,0.865625
5,230,0.47265797555446626,0.86875
5,240,0.47551269382238387,0.871875
5,250,0.4010992184281349,0.88125
5,260,0.3462427377700806,0.896875
5,270,0.28202558532357214,0.909375
5,280,0.36769089549779893,0.884375
5,290,0.38580882400274275,0.865625
5,300,0.464309860765934,0.853125
6,10,0.33205258995294573,0.921875
6,20,0.3858776606619358,0.859375
6,30,0.3513158679008484,0.896875
6,40,0.35693169981241224,0.88125
6,50,0.3274659767746925,0.9125
6,60,0.3689663976430893,0.884375
6,70,0.3311157628893852,0.89375
6,80,0.27791996151208875,0.9125
6,90,0.3595935985445976,0.89375
6,100,0.2830339021980762,0.903125
6,110,0.34311610981822016,0.89375
6,120,0.3291965998709202,0.90625
6,130,0.37726469784975053,0.890625
6,140,0.3308423861861229,0.9
6,150,0.4593078836798668,0.8625
6,160,0.3431691825389862,0.890625
6,170,0.4402035892009735,0.846875
6,180,0.42193383127450945,0.8625
6,190,0.30143300220370295,0.896875
6,200,0.36690072119235995,0.86875
6,210,0.3851346090435982,0.896875
6,220,0.38802156746387484,0.88125
6,230,0.33922708928585055,0.890625
6,240,0.38448439091444014,0.890625
6,250,0.4070038326084614,0.875
6,260,0.48936627805233,0.846875
6,270,0.4389362961053848,0.884375
6,280,0.3419598236680031,0.9
6,290,0.3661195084452629,0.88125
6,300,0.37293162643909455,0.878125
7,10,0.30750432759523394,0.909375
7,20,0.382097427546978,0.878125
7,30,0.3362855136394501,0.90625
7,40,0.3638098746538162,0.890625
7,50,0.27482029870152475,0.928125
7,60,0.30520662665367126,0.9
7,70,0.2987197540700436,0.909375
7,80,0.3105345219373703,0.896875
7,90,0.29434809386730193,0.915625
7,100,0.3131518803536892,0.896875
7,110,0.27118521332740786,0.909375
7,120,0.3581467568874359,0.89375
7,130,0.3139660969376564,0.909375
7,140,0.1845628973096609,0.95625
7,150,0.252729195356369,0.9125
7,160,0.27050234377384186,0.903125
7,170,0.3217682346701622,0.8875
7,180,0.3548528656363487,0.8875
7,190,0.2647594720125198,0.9
7,200,0.2758581697940826,0.90625
7,210,0.44121607542037966,0.8625
7,220,0.3154866620898247,0.9
7,230,0.3241939306259155,0.903125
7,240,0.3230850487947464,0.9
7,250,0.4129759594798088,0.8625
7,260,0.2915833704173565,0.915625
7,270,0.2924197271466255,0.9
7,280,0.28376215547323225,0.903125
7,290,0.35483008772134783,0.89375
7,300,0.3666845843195915,0.9
8,10,0.31488059237599375,0.9125
8,20,0.3332538351416588,0.89375
8,30,0.3426886901259422,0.875
8,40,0.29696895033121107,0.896875
8,50,0.23992177695035935,0.921875
8,60,0.27791094295680524,0.928125
8,70,0.29420662820339205,0.875
8,80,0.31194652020931246,0.8875
8,90,0.2763528198003769,0.925
8,100,0.2720094032585621,0.90625
8,110,0.38441264182329177,0.859375
8,120,0.2770625039935112,0.91875
8,130,0.2706444218754768,0.915625
8,140,0.3626547798514366,0.89375
8,150,0.3578847341239452,0.88125
8,160,0.33407414257526397,0.896875
8,170,0.3817601814866066,0.871875
8,180,0.24041530936956407,0.93125
8,190,0.2513930410146713,0.928125
8,200,0.23210478872060775,0.934375
8,210,0.3269592136144638,0.890625
8,220,0.37425665408372877,0.903125
8,230,0.3443542800843716,0.896875
8,240,0.29855613484978677,0.9125
8,250,0.23281082957983018,0.934375
8,260,0.29519432708621024,0.915625
8,270,0.36988015472888947,0.884375
8,280,0.32686119228601457,0.878125
8,290,0.360371021926403,0.875
8,300,0.3781967058777809,0.8875
9,10,0.24074503928422927,0.928125
9,20,0.2404448725283146,0.925
9,30,0.23272828981280327,0.915625
9,40,0.19655673801898957,0.93125
9,50,0.22362303733825684,0.940625
9,60,0.29464752823114393,0.890625
9,70,0.3122109830379486,0.90625
9,80,0.2810696601867676,0.903125
9,90,0.23766874223947526,0.915625
9,100,0.1674812540411949,0.946875
9,110,0.21977623254060746,0.934375
9,120,0.25644892565906047,0.9125
9,130,0.21062121093273162,0.928125
9,140,0.37237493842840197,0.878125
9,150,0.1969237171113491,0.928125
9,160,0.2845151241868734,0.9125
9,170,0.2063307672739029,0.9375
9,180,0.27315410077571867,0.9
9,190,0.2197851151227951,0.915625
9,200,0.21922356635332108,0.925
9,210,0.23151684552431107,0.915625
9,220,0.18523486107587814,0.940625
9,230,0.34729706048965453,0.89375
9,240,0.34089234173297883,0.903125
9,250,0.4034725069999695,0.878125
9,260,0.28921891152858736,0.896875
9,270,0.3299357742071152,0.884375
9,280,0.24514441564679146,0.921875
9,290,0.372548820078373,0.890625
9,300,0.3148236520588398,0.903125
10,10,0.2918988086283207,0.909375
10,20,0.2639620006084442,0.909375
10,30,0.20363131538033485,0.928125
10,40,0.2403175413608551,0.925
10,50,0.2070487979799509,0.94375
10,60,0.2373103491961956,0.921875
10,70,0.3102718830108643,0.884375
10,80,0.29452828615903853,0.921875
10,90,0.25666304528713224,0.909375
10,100,0.3037330940365791,0.90625
10,110,0.3034330628812313,0.90625
10,120,0.3205768600106239,0.9
10,130,0.3054912030696869,0.9
10,140,0.22705153599381447,0.91875
10,150,0.36480861604213716,0.8625
10,160,0.278058297932148,0.9
10,170,0.3263874962925911,0.89375
10,180,0.2982196383178234,0.875
10,190,0.27474054992198943,0.915625
10,200,0.26315761283040046,0.921875
10,210,0.23046581149101258,0.921875
10,220,0.16533938832581044,0.953125
10,230,0.275123143196106,0.89375
10,240,0.2758222684264183,0.9
10,250,0.26144599318504336,0.90625
10,260,0.29068447202444075,0.89375
10,270,0.23959898203611374,0.921875
10,280,0.21579729169607162,0.921875
10,290,0.2706246502697468,0.90625
10,300,0.2705748938024044,0.909375
11,10,0.21044044941663742,0.93125
11,20,0.21010028421878815,0.921875
11,30,0.17201804369688034,0.94375
11,40,0.1767433501780033,0.940625
11,50,0.19018041118979453,0.93125
11,60,0.2003594532608986,0.94375
11,70,0.2726715862751007,0.9
11,80,0.24821289256215096,0.909375
11,90,0.19643631651997567,0.928125
11,100,0.1977748114615679,0.934375
11,110,0.26291311383247373,0.909375
11,120,0.23119278997182846,0.91875
11,130,0.23005934357643126,0.9375
11,140,0.24458649083971978,0.909375
11,150,0.20098378285765647,0.93125
11,160,0.16949594169855117,0.946875
11,170,0.2066369168460369,0.925
11,180,0.22367171347141265,0.9375
11,190,0.23782652243971825,0.9125
11,200,0.18366693407297136,0.934375
11,210,0.2459537174552679,0.909375
11,220,0.23242799937725067,0.9125
11,230,0.20409805104136466,0.928125
11,240,0.2720056474208832,0.9
11,250,0.2431186281144619,0.93125
11,260,0.21626366041600703,0.915625
11,270,0.30514830350875854,0.925
11,280,0.2728693574666977,0.909375
11,290,0.2576445177197456,0.91875
11,300,0.3064758762717247,0.903125
12,10,0.1991352654993534,0.934375
12,20,0.17422986254096032,0.940625
12,30,0.19088240712881088,0.9375
12,40,0.19663684517145158,0.925
12,50,0.23824887722730637,0.915625
12,60,0.17740219011902808,0.93125
12,70,0.19526170790195466,0.9375
12,80,0.2151170939207077,0.9125
12,90,0.23485110886394978,0.90625
12,100,0.19761323407292367,0.925
12,110,0.20446292757987977,0.9375
12,120,0.20156948789954185,0.94375
12,130,0.24679582118988036,0.9125
12,140,0.39320377111434934,0.88125
12,150,0.26658414825797083,0.91875
12,160,0.19663708917796613,0.93125
12,170,0.22534459158778192,0.934375
12,180,0.21015223041176795,0.925
12,190,0.2825695812702179,0.903125
12,200,0.24953028857707976,0.93125
12,210,0.2351273775100708,0.934375
12,220,0.2581467919051647,0.89375
12,230,0.26452424079179765,0.915625
12,240,0.2762670688331127,0.9
12,250,0.20946106910705567,0.95
12,260,0.2661892153322697,0.903125
12,270,0.20566804930567742,0.94375
12,280,0.2031039245426655,0.93125
12,290,0.20606632083654403,0.928125
12,300,0.17065685912966727,0.946875
13,10,0.2563447766005993,0.915625
13,20,0.18792355060577393,0.921875
13,30,0.2107998602092266,0.93125
13,40,0.2227743610739708,0.925
13,50,0.17788988277316092,0.93125
13,60,0.1677710261195898,0.953125
13,70,0.25008367374539375,0.90625
13,80,0.15502678081393242,0.9625
13,90,0.21983234882354735,0.93125
13,100,0.1846896767616272,0.94375
13,110,0.15737615507096053,0.95
13,120,0.18344652727246286,0.953125
13,130,0.16442299857735634,0.946875
13,140,0.21441900506615638,0.940625
13,150,0.17964999862015246,0.934375
13,160,0.20833013728260993,0.93125
13,170,0.19365281909704207,0.928125
13,180,0.2169407121837139,0.93125
13,190,0.2537726193666458,0.925
13,200,0.24866996556520463,0.909375
13,210,0.23559452593326569,0.9
13,220,0.2597795858979225,0.9
13,230,0.24545032083988189,0.915625
13,240,0.19256039559841157,0.9375
13,250,0.17645080685615538,0.94375
13,260,0.25560896173119546,0.90625
13,270,0.27280266359448435,0.909375
13,280,0.1703348509967327,0.934375
13,290,0.21859735399484634,0.91875
13,300,0.1887086547911167,0.940625
14,10,0.169483807310462,0.946875
14,20,0.15676414519548415,0.940625
14,30,0.18485754020512105,0.934375
14,40,0.2322252683341503,0.91875
14,50,0.2163535475730896,0.9125
14,60,0.16363081708550453,0.95625
14,70,0.24869268387556076,0.921875
14,80,0.20002078749239444,0.93125
14,90,0.1811491645872593,0.946875
14,100,0.200345229357481,0.91875
14,110,0.17243828661739827,0.94375
14,120,0.15255663096904754,0.946875
14,130,0.156806118786335,0.940625
14,140,0.15472425222396852,0.953125
14,150,0.18443019203841687,0.940625
14,160,0.1894358228892088,0.9375
14,170,0.18529353216290473,0.934375
14,180,0.14113918570801615,0.95
14,190,0.19387585595250129,0.940625
14,200,0.1548125732690096,0.95
14,210,0.19933024011552333,0.9375
14,220,0.24375142827630042,0.9375
14,230,0.23532412201166153,0.928125
14,240,0.22145119234919547,0.925
14,250,0.22362401708960533,0.9375
14,260,0.20407209023833275,0.925
14,270,0.21903885826468467,0.940625
14,280,0.24107152745127677,0.90625
14,290,0.1945165514945984,0.93125
14,300,0.22916425988078118,0.915625
15,10,0.21075912080705167,0.9375
15,20,0.1406252607703209,0.946875
15,30,0.1256365055218339,0.971875
15,40,0.15746165625751019,0.94375
15,50,0.1168903673067689,0.96875
15,60,0.14629875347018242,0.9375
15,70,0.11292781271040439,0.965625
15,80,0.1815712995827198,0.94375
15,90,0.2063568688929081,0.91875
15,100,0.23439039606601,0.934375
15,110,0.12454611640423537,0.95625
15,120,0.19128491021692753,0.946875
15,130,0.20842199958860874,0.9375
15,140,0.15025162398815156,0.94375
15,150,0.18982259705662727,0.928125
15,160,0.16320991143584251,0.9375
15,170,0.2173205003142357,0.925
15,180,0.18661730960011483,0.9375
15,190,0.28068386763334274,0.903125
15,200,0.22884561605751513,0.928125
15,210,0.24264570996165274,0.921875
15,220,0.179115454852581,0.9375
15,230,0.2000705860555172,0.928125
15,240,0.20135697945952416,0.921875
15,250,0.2274313561618328,0.9125
15,260,0.24922623261809349,0.9125
15,270,0.1905064359307289,0.940625
15,280,0.13772482238709927,0.965625
15,290,0.21842407584190368,0.915625
15,300,0.16338298059999942,0.9375
16,10,0.16597948931157588,0.934375
16,20,0.14748496785759926,0.9625
16,30,0.16003995873034,0.940625
16,40,0.13007809668779374,0.953125
16,50,0.1885237731039524,0.93125
16,60,0.23454632684588433,0.915625
16,70,0.22959907427430154,0.9375
16,80,0.20532300621271132,0.91875
16,90,0.15811783447861671,0.93125
16,100,0.15999731626361607,0.959375
16,110,0.17804635055363177,0.95
16,120,0.14089840240776538,0.946875
16,130,0.20449510365724563,0.940625
16,140,0.11547470875084401,0.95625
16,150,0.1528852254152298,0.94375
16,160,0.13106366051360965,0.95
16,170,0.237410070002079,0.909375
16,180,0.18149287570267916,0.9375
16,190,0.20869109220802784,0.925
16,200,0.23171724155545234,0.928125
16,210,0.20056248866021634,0.946875
16,220,0.1778734799474478,0.940625
16,230,0.2765438675880432,0.909375
16,240,0.19828368574380875,0.921875
16,250,0.1486560670658946,0.95
16,260,0.2416770040988922,0.921875
16,270,0.199361702054739,0.9375
16,280,0.18007749803364276,0.9375
16,290,0.24218548759818076,0.921875
16,300,0.2212743643671274,0.94375
17,10,0.12773588858544827,0.95625
17,20,0.12246085740625859,0.94375
17,30,0.16917536556720733,0.959375
17,40,0.14969604834914207,0.953125
17,50,0.16656593978405,0.9375
17,60,0.14462116928771138,0.959375
17,70,0.1972578950226307,0.915625
17,80,0.08959725722670556,0.978125
17,90,0.20528565272688865,0.9125
17,100,0.15838531404733658,0.940625
17,110,0.13037277534604072,0.959375
17,120,0.18546916618943216,0.934375
17,130,0.1774306446313858,0.940625
17,140,0.20971692353487015,0.93125
17,150,0.17818041928112507,0.94375
17,160,0.16210476644337177,0.94375
17,170,0.16363338567316532,0.946875
17,180,0.18362664058804512,0.95
17,190,0.1854483626782894,0.940625
17,200,0.16168052852153778,0.95625
17,210,0.175838265940547,0.94375
17,220,0.18674000799655915,0.93125
17,230,0.15577626563608646,0.934375
17,240,0.15663304179906845,0.965625
17,250,0.17987522184848787,0.93125
17,260,0.2031032435595989,0.9375
17,270,0.22202794216573238,0.928125
17,280,0.19041711054742336,0.9375
17,290,0.1709146350622177,0.94375
17,300,0.22319190092384816,0.921875
18,10,0.13106460329145192,0.959375
18,20,0.20749349482357501,0.9375
18,30,0.20809755325317383,0.934375
18,40,0.19118128456175326,0.953125
18,50,0.13723545297980308,0.940625
18,60,0.14129794910550117,0.953125
18,70,0.1388960439711809,0.94375
18,80,0.145442945510149,0.940625
18,90,0.15975965932011604,0.95625
18,100,0.1714170716702938,0.9375
18,110,0.11483362857252359,0.971875
18,120,0.2275684341788292,0.928125
18,130,0.19206625819206238,0.928125
18,140,0.18112913593649865,0.940625
18,150,0.1715096764266491,0.95
18,160,0.13650655131787062,0.959375
18,170,0.21769120097160338,0.91875
18,180,0.1913215521723032,0.928125
18,190,0.1292684653773904,0.959375
18,200,0.15157705135643482,0.9375
18,210,0.14674475118517877,0.953125
18,220,0.2037092935293913,0.928125
18,230,0.19396307766437532,0.940625
18,240,0.1477437723428011,0.95
18,250,0.16290112715214491,0.95
18,260,0.13266059309244155,0.940625
18,270,0.17180379517376423,0.940625
18,280,0.161893449164927,0.94375
18,290,0.16549191400408744,0.94375
18,300,0.18279123231768607,0.94375
19,10,0.13273137714713812,0.959375
19,20,0.20207313299179078,0.93125
19,30,0.07789365872740746,0.984375
19,40,0.1230256088078022,0.95625
19,50,0.16199262775480747,0.953125
19,60,0.06973158307373524,0.984375
19,70,0.16620491221547126,0.925
19,80,0.15062254369258882,0.9375
19,90,0.13949341811239718,0.965625
19,100,0.15579397641122342,0.953125
19,110,0.11345456168055534,0.96875
19,120,0.18659270852804183,0.9375
19,130,0.15807211324572562,0.94375
19,140,0.1972915854305029,0.928125
19,150,0.15113644413650035,0.9375
19,160,0.18369447626173496,0.94375
19,170,0.17143586371093988,0.946875
19,180,0.13498688340187073,0.953125
19,190,0.15013419054448604,0.953125
19,200,0.14753017351031303,0.959375
19,210,0.1310620229691267,0.95625
19,220,0.15608597006648778,0.96875
19,230,0.17976223789155482,0.940625
19,240,0.140358504652977,0.95
19,250,0.19312067106366157,0.940625
19,260,0.1296878347173333,0.953125
19,270,0.1810890890657902,0.9375
19,280,0.16544624082744122,0.9625
19,290,0.15703984536230564,0.959375
19,300,0.18482949323952197,0.9375
20,10,0.13228659555315972,0.965625
20,20,0.13271283879876136,0.946875
20,30,0.14605288654565812,0.95
20,40,0.1503554668277502,0.946875
20,50,0.13085542619228363,0.959375
20,60,0.10736701861023903,0.971875
20,70,0.09929837668314576,0.96875
20,80,0.1348853312432766,0.965625
20,90,0.11261107716709376,0.965625
20,100,0.13164707496762276,0.959375
20,110,0.1450094860047102,0.965625
20,120,0.1628260098397732,0.94375
20,130,0.14556274525821208,0.94375
20,140,0.13227204531431197,0.94375
20,150,0.11712704245001078,0.9625
20,160,0.18905458971858025,0.94375
20,170,0.13204534854739905,0.953125
20,180,0.1422911524772644,0.959375
20,190,0.17022909857332708,0.9375
20,200,0.14726242516189814,0.946875
20,210,0.18510909229516984,0.921875
20,220,0.12742133419960738,0.959375
20,230,0.10490942820906639,0.96875
20,240,0.12892609741538763,0.95
20,250,0.1413251280784607,0.95625
20,260,0.18136794865131378,0.95
20,270,0.10680172964930534,0.946875
20,280,0.15094923824071885,0.95625
20,290,0.13698750026524067,0.95625
20,300,0.15670967921614648,0.940625
21,10,0.13431866876780987,0.953125
21,20,0.18537617344409227,0.9375
21,30,0.17491699568927288,0.94375
21,40,0.09442832749336957,0.975
21,50,0.1256342738866806,0.95625
21,60,0.1739648964256048,0.946875
21,70,0.1569662880152464,0.9375
21,80,0.10130602829158306,0.965625
21,90,0.12480889819562435,0.95
21,100,0.18030674532055854,0.925
21,110,0.1703946992754936,0.934375
21,120,0.14678005427122115,0.953125
21,130,0.1847371470183134,0.940625
21,140,0.18893384747207165,0.9375
21,150,0.17880926206707953,0.934375
21,160,0.16052688471972942,0.9375
21,170,0.17015965916216375,0.94375
21,180,0.0940216638147831,0.959375
21,190,0.19487552344799042,0.934375
21,200,0.22910302206873895,0.928125
21,210,0.16668710969388484,0.928125
21,220,0.14988446086645127,0.95
21,230,0.17267075665295123,0.9625
21,240,0.12627960331737995,0.965625
21,250,0.16299143554642798,0.946875
21,260,0.16915469989180565,0.946875
21,270,0.08581103924661874,0.96875
21,280,0.2029574044048786,0.93125
21,290,0.16342358328402043,0.946875
21,300,0.13591500408947468,0.953125
22,10,0.15616474188864232,0.95
22,20,0.09838164001703262,0.96875
22,30,0.04972352972254157,0.9875
22,40,0.0968070849776268,0.9625
22,50,0.0773812411352992,0.96875
22,60,0.1095511511899531,0.96875
22,70,0.09768842551857233,0.971875
22,80,0.09562614373862743,0.96875
22,90,0.11413101106882095,0.95625
22,100,0.0936825405806303,0.9625
22,110,0.10095808934420347,0.96875
22,120,0.1430365676060319,0.959375
22,130,0.13587713818997144,0.953125
22,140,0.1358259554952383,0.959375
22,150,0.12050782833248377,0.946875
22,160,0.1013824013993144,0.971875
22,170,0.12557063437998295,0.95625
22,180,0.12942030597478152,0.953125
22,190,0.10832880809903145,0.95
22,200,0.13674900196492673,0.94375
22,210,0.13147783931344748,0.959375
22,220,0.10868271440267563,0.96875
22,230,0.213968226313591,0.915625
22,240,0.19075478240847588,0.94375
22,250,0.12510656341910362,0.95625
22,260,0.13247099258005618,0.965625
22,270,0.1636260261759162,0.94375
22,280,0.16104596368968488,0.9375
22,290,0.13046767506748438,0.959375
22,300,0.22482848539948463,0.921875
23,10,0.1219277212396264,0.965625
23,20,0.12296638134866952,0.971875
23,30,0.13412331342697142,0.959375
23,40,0.15523715540766717,0.95
23,50,0.1614686794579029,0.934375
23,60,0.13325422983616592,0.95
23,70,0.1436190392822027,0.940625
23,80,0.09760025069117546,0.959375
23,90,0.11055828547105193,0.965625
23,100,0.13684436231851577,0.95
23,110,0.13211933318525554,0.95
23,120,0.09808948233257979,0.959375
23,130,0.17714949026703836,0.940625
23,140,0.08388165887445212,0.975
23,150,0.1388382250443101,0.953125
23,160,0.16906312182545663,0.95
23,170,0.1286617148667574,0.9375
23,180,0.06777451457455755,0.98125
23,190,0.14095935691148043,0.946875
23,200,0.11884005125612021,0.95625
23,210,0.14306409545242788,0.95625
23,220,0.10560129433870316,0.95625
23,230,0.14681334048509598,0.946875
23,240,0.1701687363907695,0.94375
23,250,0.1065228495746851,0.95
23,260,0.1486582536250353,0.953125
23,270,0.08449915517121553,0.975
23,280,0.16328528597950936,0.946875
23,290,0.1591098640114069,0.94375
23,300,0.16921346429735423,0.94375
24,10,0.1564150396734476,0.940625
24,20,0.10470268428325653,0.959375
24,30,0.21465456597507,0.946875
24,40,0.14444230329245328,0.940625
24,50,0.14952170625329017,0.946875
24,60,0.18248233795166016,0.940625
24,70,0.1655292732641101,0.94375
24,80,0.17114754877984523,0.953125
24,90,0.15858075115829706,0.95
24,100,0.10746752470731735,0.965625
24,110,0.17403814867138861,0.946875
24,120,0.13898670338094235,0.95
24,130,0.12227946631610394,0.94375
24,140,0.10941295996308327,0.95625
24,150,0.1700913928449154,0.928125
24,160,0.08053532373160124,0.98125
24,170,0.1145917322486639,0.965625
24,180,0.15705229789018632,0.9375
24,190,0.10261884313076734,0.96875
24,200,0.12095470689237117,0.9625
24,210,0.11490388475358486,0.959375
24,220,0.15152088785544038,0.95625
24,230,0.17486304510384798,0.934375
24,240,0.13629879280924798,0.95625
24,250,0.13214262593537568,0.953125
24,260,0.13304645661264658,0.95
24,270,0.11537523232400418,0.96875
24,280,0.19855791814625262,0.94375
24,290,0.2026112399995327,0.921875
24,300,0.1338291596621275,0.95
25,10,0.13967441115528345,0.9625
25,20,0.10227982103824615,0.953125
25,30,0.10478436192497612,0.96875
25,40,0.10499856490641832,0.965625
25,50,0.13205218650400638,0.953125
25,60,0.060597292706370355,0.984375
25,70,0.07908878363668918,0.975
25,80,0.19318583346903323,0.925
25,90,0.11928447727113962,0.965625
25,100,0.1384756611660123,0.965625
25,110,0.09105009585618973,0.965625
25,120,0.08402187488973141,0.975
25,130,0.10798610411584378,0.95625
25,140,0.10057601686567068,0.965625
25,150,0.2037335444241762,0.91875
25,160,0.10928345229476691,0.971875
25,170,0.13903439454734326,0.95
25,180,0.11718202009797096,0.96875
25,190,0.15525087527930737,0.9625
25,200,0.143631745968014,0.946875
25,210,0.16794913802295924,0.946875
25,220,0.21852521896362304,0.925
25,230,0.11339091137051582,0.96875
25,240,0.14437719266861676,0.946875
25,250,0.10662904754281044,0.95625
25,260,0.12062212899327278,0.95
25,270,0.15737096276134252,0.9375
25,280,0.12865448445081712,0.953125
25,290,0.14906055703759194,0.953125
25,300,0.1548794500529766,0.94375
26,10,0.09755179081112146,0.96875
26,20,0.11808647625148297,0.9625
26,30,0.08191849272698164,0.96875
26,40,0.08458198457956315,0.965625
26,50,0.10222867857664823,0.971875
26,60,0.06992142545059324,0.96875
26,70,0.11037346152588726,0.959375
26,80,0.12624368714168668,0.971875
26,90,0.11350169274955987,0.959375
26,100,0.10452287765219807,0.96875
26,110,0.11954422360286117,0.9625
26,120,0.1511694872751832,0.9625
26,130,0.08349975869059563,0.96875
26,140,0.11057790294289589,0.965625
26,150,0.1136488314718008,0.959375
26,160,0.09634162560105324,0.965625
26,170,0.12136573512107134,0.946875
26,180,0.1337594600394368,0.9625
26,190,0.1311641275882721,0.953125
26,200,0.08468237724155188,0.971875
26,210,0.11005225218832493,0.95
26,220,0.14328154344111682,0.959375
26,230,0.12711901348084212,0.959375
26,240,0.17454364392906427,0.95625
26,250,0.17598439306020736,0.93125
26,260,0.1257725965231657,0.95625
26,270,0.15417156219482422,0.94375
26,280,0.10635957140475512,0.9625
26,290,0.16304495744407177,0.940625
26,300,0.138986174762249,0.959375
27,10,0.060661043226718905,0.9875
27,20,0.12395072672516108,0.95
27,30,0.11405389243736863,0.971875
27,40,0.12784689366817475,0.953125
27,50,0.14739571399986745,0.940625
27,60,0.0845431039109826,0.98125
27,70,0.11611349750310182,0.95625
27,80,0.1228817891329527,0.965625
27,90,0.11889065541327,0.971875
27,100,0.14469900894910098,0.959375
27,110,0.088637659791857,0.96875
27,120,0.09413039274513721,0.971875
27,130,0.10362228695303202,0.96875
27,140,0.0825618835631758,0.975
27,150,0.10706336572766303,0.96875
27,160,0.10409195311367511,0.95625
27,170,0.1208300394937396,0.95625
27,180,0.11128250770270824,0.953125
27,190,0.1202277020085603,0.95
27,200,0.107033945992589,0.9625
27,210,0.10585748981684447,0.965625
27,220,0.14038952561095358,0.946875
27,230,0.09721153192222118,0.9625
27,240,0.05692225557286292,0.98125
27,250,0.09364774823188782,0.971875
27,260,0.13187655210494995,0.95625
27,270,0.06038370914757252,0.98125
27,280,0.04978018738329411,0.978125
27,290,0.08432291969656944,0.971875
27,300,0.1067785257473588,0.9625
28,10,0.08191854087635875,0.975
28,20,0.05723576282616705,0.990625
28,30,0.11932863406836987,0.9625
28,40,0.0922617981210351,0.965625
28,50,0.08905355734750628,0.959375
28,60,0.11831716103479266,0.959375
28,70,0.0937787509523332,0.971875
28,80,0.09378804303705693,0.971875
28,90,0.0660322492942214,0.978125
28,100,0.10378102092072368,0.9625
28,110,0.11814648248255252,0.959375
28,120,0.06594756310805679,0.975
28,130,0.14736031964421273,0.953125
28,140,0.12298587132245302,0.959375
28,150,0.09929377660155296,0.96875
28,160,0.09915470965206623,0.971875
28,170,0.16270554885268212,0.94375
28,180,0.11712123453617096,0.9625
28,190,0.10389775894582272,0.9625
28,200,0.09086595261469484,0.965625
28,210,0.14219444170594214,0.95625
28,220,0.05908847553655505,0.975
28,230,0.06509208977222443,0.978125
28,240,0.134879207611084,0.946875
28,250,0.1621305052191019,0.95625
28,260,0.09946282431483269,0.959375
28,270,0.1122980996966362,0.959375
28,280,0.1478915587067604,0.953125
28,290,0.08610682561993599,0.9625
28,300,0.0883397969417274,0.978125
29,10,0.07806414403021336,0.975
29,20,0.10698948688805103,0.95625
29,30,0.12134310156106949,0.953125
29,40,0.10876238830387593,0.959375
29,50,0.10154982581734658,0.971875
29,60,0.1654786467552185,0.94375
29,70,0.09169772118330002,0.9625
29,80,0.07691352628171444,0.971875
29,90,0.17558949068188667,0.940625
29,100,0.1048267918638885,0.96875
29,110,0.07628985848277807,0.975
29,120,0.08289869371801614,0.96875
29,130,0.10841295421123505,0.965625
29,140,0.08194786915555596,0.984375
29,150,0.0863115293905139,0.96875
29,160,0.10417636362835765,0.965625
29,170,0.12385518159717321,0.965625
29,180,0.09200591146945954,0.978125
29,190,0.08776857862249017,0.975
29,200,0.09387727789580821,0.971875
29,210,0.12007925799116492,0.9625
29,220,0.11884495876729488,0.96875
29,230,0.13424339648336173,0.94375
29,240,0.10274570249021053,0.953125
29,250,0.0995500011369586,0.971875
29,260,0.09235199829563498,0.965625
29,270,0.0742499077692628,0.975
29,280,0.12903990037739277,0.9625
29,290,0.10984213510528207,0.96875
29,300,0.14510955279693008,0.946875
30,10,0.11113840630277991,0.953125
30,20,0.09042485328391195,0.984375
30,30,0.12936257813125848,0.9625
30,40,0.09355393778532743,0.965625
30,50,0.17848382741212845,0.95
30,60,0.14195480123162268,0.95625
30,70,0.11617474835366011,0.953125
30,80,0.1015499422326684,0.959375
30,90,0.08905768878757954,0.96875
30,100,0.1203443419188261,0.95625
30,110,0.0792970009148121,0.96875
30,120,0.10636352431029081,0.965625
30,130,0.13245092816650866,0.953125
30,140,0.08265035804361105,0.978125
30,150,0.09607711769640445,0.978125
30,160,0.09563798941671849,0.959375
30,170,0.09699147082865238,0.9625
30,180,0.09612790998071433,0.965625
30,190,0.09013842567801475,0.9625
30,200,0.06156595181673765,0.98125
30,210,0.12090533338487149,0.953125
30,220,0.1711944594979286,0.940625
30,230,0.11350703425705433,0.953125
30,240,0.15350824035704136,0.95625
30,250,0.09181923223659397,0.975
30,260,0.11157943112775684,0.9625
30,270,0.08089823005720972,0.959375
30,280,0.11760356305167079,0.95
30,290,0.13914185278117658,0.953125
30,300,0.15647442266345024,0.95625
31,10,0.10389513894915581,0.9625
31,20,0.06127560120075941,0.971875
31,30,0.09331622677855193,0.96875
31,40,0.07576956748962402,0.975
31,50,0.11027925796806812,0.971875
31,60,0.09055906310677528,0.96875
31,70,0.096779390797019,0.975
31,80,0.11965484842658043,0.95625
31,90,0.07870859941467642,0.96875
31,100,0.07813390512019396,0.98125
31,110,0.10998907424509526,0.95625
31,120,0.10085979271680116,0.965625
31,130,0.11107180193066597,0.959375
31,140,0.0950908931903541,0.953125
31,150,0.1653617551550269,0.946875
31,160,0.1210747666656971,0.953125
31,170,0.16059279087930917,0.95
31,180,0.07398637421429158,0.98125
31,190,0.17226118147373198,0.94375
31,200,0.12234254609793424,0.965625
31,210,0.08244405891746283,0.975
31,220,0.13461493998765944,0.946875
31,230,0.10335571933537721,0.9625
31,240,0.11797859463840724,0.9625
31,250,0.10861600935459137,0.971875
31,260,0.15769334360957146,0.94375
31,270,0.10525525091215968,0.9625
31,280,0.18874818086624146,0.934375
31,290,0.09393673576414585,0.975
31,300,0.13079352173954248,0.95625
32,10,0.09023980144411325,0.98125
32,20,0.07998486943542957,0.971875
32,30,0.08631817363202572,0.975
32,40,0.07037634565494955,0.975
32,50,0.10791378365829588,0.9625
32,60,0.10729886032640934,0.965625
32,70,0.0736555560491979,0.978125
32,80,0.09561462514102459,0.959375
32,90,0.05795987388119102,0.978125
32,100,0.05084635997191071,0.984375
32,110,0.08953269831836223,0.953125
32,120,0.083428262360394,0.975
32,130,0.12468091240152716,0.95625
32,140,0.10932492986321449,0.959375
32,150,0.0931103341281414,0.965625
32,160,0.07482518716715277,0.975
32,170,0.08562621725723148,0.9625
32,180,0.09563745064660907,0.959375
32,190,0.08921473771333695,0.975
32,200,0.11208257880061864,0.95625
32,210,0.09726762659847736,0.959375
32,220,0.10483449250459671,0.95625
32,230,0.10372714726254344,0.965625
32,240,0.10327299050986767,0.96875
32,250,0.1316068099811673,0.946875
32,260,0.09909364245831967,0.959375
32,270,0.13846726827323436,0.959375
32,280,0.1315845174714923,0.940625
32,290,0.1215828403364867,0.9625
32,300,0.12016067402437329,0.953125
33,10,0.08597607174888253,0.965625
33,20,0.09071554280817509,0.965625
33,30,0.09006743263453246,0.965625
33,40,0.05814654435962439,0.98125
33,50,0.09100860403850675,0.975
33,60,0.09240934848785401,0.9625
33,70,0.04975134264677763,0.984375
33,80,0.0971867598593235,0.965625
33,90,0.06129811443388462,0.975
33,100,0.14081422798335552,0.95625
33,110,0.07261941726319492,0.971875
33,120,0.12105900458991528,0.953125
33,130,0.08922983901575207,0.978125
33,140,0.09335810272023082,0.971875
33,150,0.11298729842528701,0.95625
33,160,0.09143170956522226,0.971875
33,170,0.08620764706283808,0.971875
33,180,0.08338092304766179,0.978125
33,190,0.12434588111937046,0.946875
33,200,0.10351458825170994,0.959375
33,210,0.06352256685495376,0.975
33,220,0.05150918988510966,0.98125
33,230,0.11353323236107826,0.975
33,240,0.08569463277235627,0.98125
33,250,0.09826700314879418,0.959375
33,260,0.09318290129303933,0.96875
33,270,0.11669707633554935,0.965625
33,280,0.05932779293507338,0.984375
33,290,0.06871627289801836,0.975
33,300,0.07541798581369222,0.975
34,10,0.050988230109214785,0.990625
34,20,0.06919085024856031,0.975
34,30,0.07704871166497469,0.975
34,40,0.04517136993817985,0.98125
34,50,0.0531168055953458,0.9875
34,60,0.10542932674288749,0.9625
34,70,0.05421320046298206,0.98125
34,80,0.0688054034486413,0.984375
34,90,0.030407654633745552,0.99375
34,100,0.05863129273056984,0.98125
34,110,0.042609385773539545,0.984375
34,120,0.07330175926908851,0.978125
34,130,0.07849484644830226,0.965625
34,140,0.06906597819179297,0.975
34,150,0.07402114812284707,0.971875
34,160,0.06448609093204141,0.978125
34,170,0.07432371731847524,0.978125
34,180,0.09709588913246989,0.96875
34,190,0.07180384360253811,0.9625
34,200,0.0636839609593153,0.975
34,210,0.08861108273267745,0.9625
34,220,0.06820702282711863,0.975
34,230,0.07641880903393031,0.975
34,240,0.09430705751292408,0.975
34,250,0.07154079340398312,0.975
34,260,0.12567696608603002,0.9625
34,270,0.06967082293704152,0.975
34,280,0.1078643050044775,0.9625
34,290,0.07882872857153415,0.96875
34,300,0.10645561330020428,0.9625
35,10,0.0656320745125413,0.975
35,20,0.09034832268953323,0.9625
35,30,0.059686195198446514,0.978125
35,40,0.06747022047638893,0.975
35,50,0.0469607297796756,0.984375
35,60,0.03554814304225147,0.984375
35,70,0.058307904098182914,0.984375
35,80,0.07693250430747867,0.96875
35,90,0.06754419431090355,0.98125
35,100,0.051897506695240736,0.9875
35,110,0.10416459776461125,0.9625
35,120,0.08934167735278606,0.9625
35,130,0.13055970733985306,0.965625
35,140,0.1132832889445126,0.96875
35,150,0.05926304627209902,0.975
35,160,0.04621994192712009,0.984375
35,170,0.09250681400299073,0.96875
35,180,0.044083537394180895,0.990625
35,190,0.11272182366810739,0.959375
35,200,0.10895319636911154,0.965625
35,210,0.06711222217418253,0.98125
35,220,0.06895832251757383,0.975
35,230,0.04929515621624887,0.984375
35,240,0.08129403139464557,0.971875
35,250,0.06828883159905672,0.971875
35,260,0.057037361222319304,0.975
35,270,0.08570773075334728,0.975
35,280,0.08045693952590227,0.959375
35,290,0.058595635287929326,0.975
35,300,0.11994349732995033,0.971875
36,10,0.06991173345595598,0.978125
36,20,0.10558137893676758,0.975
36,30,0.08311538593843579,0.96875
36,40,0.06667778440751135,0.984375
36,50,0.1210636781528592,0.95625
36,60,0.09119135458022357,0.975
36,70,0.07475470365025103,0.975
36,80,0.0728925549890846,0.975
36,90,0.09582480005919933,0.96875
36,100,0.09413210479542614,0.965625
36,110,0.1281471408903599,0.959375
36,120,0.07387546645477414,0.975
36,130,0.09513966049998998,0.971875
36,140,0.07732954840175807,0.984375
36,150,0.08357834802009165,0.971875
36,160,0.09867220371961594,0.9625
36,170,0.06805857354775072,0.984375
36,180,0.0409610350150615,0.984375
36,190,0.09399712709710002,0.9625
36,200,0.057438892358914015,0.9875
36,210,0.12626525554805995,0.959375
36,220,0.09413456600159406,0.95625
36,230,0.0827680922113359,0.965625
36,240,0.08134698383510112,0.98125
36,250,0.06286770515143872,0.98125
36,260,0.10462960042059422,0.975
36,270,0.10906750676222146,0.96875
36,280,0.09908978315070271,0.9625
36,290,0.0998784814029932,0.965625
36,300,0.10715940669178962,0.959375
37,10,0.053936423175036906,0.98125
37,20,0.15776000928599387,0.946875
37,30,0.06043922137469053,0.971875
37,40,0.07315211910754442,0.96875
37,50,0.09078677627258003,0.959375
37,60,0.05956248743459582,0.978125
37,70,0.15305469874292613,0.95625
37,80,0.062367743882350626,0.978125
37,90,0.04415435362607241,0.990625
37,100,0.09880790379829704,0.959375
37,110,0.04149580132216215,0.984375
37,120,0.02774757075821981,0.99375
37,130,0.06703289300203323,0.98125
37,140,0.16351805943995715,0.959375
37,150,0.08197888899594545,0.9625
37,160,0.08676442299038171,0.975
37,170,0.09983619088307023,0.9625
37,180,0.08577854442410171,0.96875
37,190,0.047294281609356406,0.978125
37,200,0.07441673306748271,0.98125
37,210,0.06270738411694765,0.975
37,220,0.057587865833193065,0.978125
37,230,0.07875909935683012,0.978125
37,240,0.059618921810761095,0.975
37,250,0.08800974451005458,0.9625
37,260,0.06161739975214005,0.9875
37,270,0.12079914435744285,0.9625
37,280,0.1047332538291812,0.971875
37,290,0.11708931680768728,0.9625
37,300,0.06345340637490153,0.978125
38,10,0.08259850405156613,0.96875
38,20,0.06552061405964196,0.975
38,30,0.0629408395383507,0.975
38,40,0.04327015345916152,0.98125
38,50,0.08295119144022464,0.959375
38,60,0.05671689640730619,0.978125
38,70,0.07484918488189578,0.971875
38,80,0.06699738148599862,0.990625
38,90,0.046278688963502644,0.984375
38,100,0.04078017193824053,0.99375
38,110,0.057406368432566524,0.984375
38,120,0.09300776515156031,0.975
38,130,0.05311044906266034,0.98125
38,140,0.07082312963902951,0.971875
38,150,0.059338745288550855,0.975
38,160,0.10117449718527496,0.971875
38,170,0.06400022343732417,0.975
38,180,0.04232230326160789,0.990625
38,190,0.0978867182508111,0.965625
38,200,0.04599488312378526,0.984375
38,210,0.11322449622675776,0.965625
38,220,0.06126106046140194,0.975
38,230,0.08633622322231531,0.959375
38,240,0.06818293100222945,0.98125
38,250,0.11381232314743102,0.96875
38,260,0.06325945514254272,0.96875
38,270,0.08538122638128698,0.975
38,280,0.0925415588542819,0.96875
38,290,0.06746107218787074,0.978125
38,300,0.06867968607693911,0.98125
39,10,0.03136262972839177,0.99375
39,20,0.06474796612747014,0.971875
39,30,0.029271427541971207,0.990625
39,40,0.06397542459890246,0.971875
39,50,0.050560935586690905,0.98125
39,60,0.07693180926144123,0.975
39,70,0.09557818043977022,0.96875
39,80,0.09227058123797179,0.9625
39,90,0.06886392887681722,0.971875
39,100,0.1392436008900404,0.940625
39,110,0.07313103899359703,0.96875
39,120,0.07427644226700067,0.971875
39,130,0.11054053604602813,0.965625
39,140,0.08625305164605379,0.971875
39,150,0.08922028914093971,0.971875
39,160,0.09793453048914671,0.95625
39,170,0.07151149259880185,0.98125
39,180,0.059932003263384104,0.984375
39,190,0.026922422647476196,0.990625
39,200,0.10192960891872645,0.9625
39,210,0.11174986837431788,0.975
39,220,0.1364197213202715,0.95625
39,230,0.07115285154432058,0.96875
39,240,0.09000593987293541,0.971875
39,250,0.1368687655776739,0.959375
39,260,0.08849739041179419,0.965625
39,270,0.16694726794958115,0.946875
39,280,0.08718400280922652,0.975
39,290,0.14973447257652878,0.94375
39,300,0.09933680836111307,0.975
40,10,0.06686914800666273,0.978125
40,20,0.07692753579467534,0.978125
40,30,0.06327003026381135,0.978125
40,40,0.05083751929923892,0.978125
40,50,0.03336845771409571,0.990625
40,60,0.048818055633455516,0.984375
40,70,0.04086365597322583,0.99375
40,80,0.08445503339171409,0.95625
40,90,0.11228408003225923,0.971875
40,100,0.07439731117337942,0.9625
40,110,0.03727623093873263,0.9875
40,120,0.05792631404474378,0.978125
40,130,0.07254527891054749,0.9625
40,140,0.0785248562693596,0.971875
40,150,0.0986426105722785,0.975
40,160,0.08126942701637745,0.971875
40,170,0.05385574400424957,0.978125
40,180,0.06590723097324372,0.978125
40,190,0.04889511801302433,0.984375
40,200,0.07211697436869144,0.971875
40,210,0.07898095943965018,0.96875
40,220,0.06803897055797278,0.971875
40,230,0.09143973429454491,0.9625
40,240,0.12350996136665345,0.9625
40,250,0.1152275709901005,0.975
40,260,0.07983511481434107,0.975
40,270,0.11790540090296417,0.95
40,280,0.11734861470758914,0.975
40,290,0.20570180378854275,0.95
40,300,0.13708889223635196,0.95625
41,10,0.11278020441532136,0.9625
41,20,0.05465032663196325,0.98125
41,30,0.0694531109649688,0.971875
41,40,0.05191507674753666,0.971875
41,50,0.0943818125873804,0.9625
41,60,0.06080492720939219,0.98125
41,70,0.07623870112001896,0.971875
41,80,0.09192033822182566,0.978125
41,90,0.0645712934434414,0.99375
41,100,0.052919209282845256,0.98125
41,110,0.03844972234219313,0.9875
41,120,0.07203578688204289,0.984375
41,130,0.05735654691234231,0.9875
41,140,0.05388194820843637,0.98125
41,150,0.036551587376743556,0.9875
41,160,0.06820683544501663,0.96875
41,170,0.043681293120607735,0.98125
41,180,0.07865477297455073,0.971875
41,190,0.06962471716105938,0.978125
41,200,0.07140115015208721,0.975
41,210,0.06815492305904627,0.975
41,220,0.05576933869160712,0.98125
41,230,0.098086819332093,0.96875
41,240,0.059481476061046125,0.971875
41,250,0.07158338818699121,0.975
41,260,0.03742314581759274,0.990625
41,270,0.11204399596899747,0.95625
41,280,0.07952888142317534,0.9625
41,290,0.09411076661199332,0.975
41,300,0.09373839627951383,0.9625
42,10,0.06599707454442978,0.98125
42,20,0.044987183250486854,0.96875
42,30,0.027859165892004968,0.990625
42,40,0.04905772234778851,0.984375
42,50,0.0657921424601227,0.978125
42,60,0.04844036172144115,0.990625
42,70,0.04459681245498359,0.984375
42,80,0.058745138347148895,0.971875
42,90,0.08968086056411266,0.96875
42,100,0.09370696940459311,0.9625
42,110,0.06405619704164564,0.971875
42,120,0.05146542778238654,0.98125
42,130,0.04655322981998324,0.975
42,140,0.05039469955954701,0.978125
42,150,0.07296956880018116,0.971875
42,160,0.05034995684400201,0.98125
42,170,0.06456942976219579,0.978125
42,180,0.056568177742883564,0.98125
42,190,0.08469043606892228,0.975
42,200,0.08714200323447585,0.971875
42,210,0.026030966802500187,0.990625
42,220,0.06749865020392462,0.98125
42,230,0.06544410018250346,0.975
42,240,0.056670083897188306,0.978125
42,250,0.054791534692049025,0.975
42,260,0.0652959356084466,0.978125
42,270,0.10167523259297014,0.959375
42,280,0.07828153427690268,0.971875
42,290,0.0893613800406456,0.978125
42,300,0.08087496031075717,0.971875
43,10,0.07388597279787064,0.965625
43,20,0.05917380014434457,0.978125
43,30,0.04235768136568367,0.98125
43,40,0.05591731541790068,0.98125
43,50,0.05079564582556486,0.984375
43,60,0.08269925713539124,0.975
43,70,0.03960040502715856,0.984375
43,80,0.07143918760120868,0.98125
43,90,0.08866181802004576,0.959375
43,100,0.06702687120996416,0.975
43,110,0.09676783522590995,0.971875
43,120,0.07671252414584159,0.978125
43,130,0.04233219169545919,0.990625
43,140,0.0877981304191053,0.959375
43,150,0.08975184401497245,0.975
43,160,0.09696120489388704,0.965625
43,170,0.05170266218483448,0.975
43,180,0.06135165821760893,0.98125
43,190,0.06522256849566474,0.984375
43,200,0.08376704514957964,0.975
43,210,0.08171084458008408,0.971875
43,220,0.07654955191537738,0.978125
43,230,0.060637299250811336,0.975
43,240,0.07022874290123582,0.971875
43,250,0.13968692703638225,0.94375
43,260,0.07422560080885887,0.971875
43,270,0.08058593347668648,0.971875
43,280,0.11838032864034176,0.94375
43,290,0.12423311844468117,0.959375
43,300,0.05776520706713199,0.975
44,10,0.08069314155727625,0.971875
44,20,0.07429362293332815,0.98125
44,30,0.1016537600196898,0.965625
44,40,0.06731419432908296,0.975
44,50,0.05615340331569314,0.984375
44,60,0.08024881379678846,0.96875
44,70,0.04302148064598441,0.990625
44,80,0.0397594946436584,0.984375
44,90,0.07951170187443495,0.96875
44,100,0.11052676243707538,0.95625
44,110,0.07133344863541424,0.9625
44,120,0.0574563785456121,0.975
44,130,0.04042502753436565,0.984375
44,140,0.1287417583167553,0.959375
44,150,0.07785613811574876,0.965625
44,160,0.11542763859033585,0.965625
44,170,0.053944596415385605,0.978125
44,180,0.08489694567397237,0.971875
44,190,0.1098742897156626,0.965625
44,200,0.06388394590467214,0.971875
44,210,0.07521359971142375,0.978125
44,220,0.047462485625874254,0.9875
44,230,0.07932599820196629,0.959375
44,240,0.058684065891429785,0.978125
44,250,0.05517199980095029,0.9875
44,260,0.05749423180241138,0.9875
44,270,0.08508659563958645,0.975
44,280,0.12066230364143848,0.965625
44,290,0.06735393521375954,0.975
44,300,0.08182897083461285,0.96875
45,10,0.03606975576840341,0.990625
45,20,0.07145334645174443,0.98125
45,30,0.06073028580285609,0.978125
45,40,0.05061366059817374,0.975
45,50,0.04561157454736531,0.98125
45,60,0.041408148128539324,0.990625
45,70,0.061158076068386434,0.978125
45,80,0.05504349092952907,0.975
45,90,0.05295616923831403,0.96875
45,100,0.03944134106859565,0.9875
45,110,0.040458066016435625,0.9875
45,120,0.048232743563130495,0.9875
45,130,0.055667375680059195,0.975
45,140,0.08163693581009283,0.975
45,150,0.037448464334011076,0.984375
45,160,0.06986216129735112,0.975
45,170,0.04520565159618854,0.975
45,180,0.062273663887754085,0.971875
45,190,0.08363693226128817,0.96875
45,200,0.05407452853396535,0.98125
45,210,0.09979827357456088,0.971875
45,220,0.10094339102506637,0.959375
45,230,0.06245382078923285,0.975
45,240,0.05851640598848462,0.975
45,250,0.0592108266428113,0.98125
45,260,0.05494324786122888,0.978125
45,270,0.09144494719803334,0.98125
45,280,0.06561986887827516,0.98125
45,290,0.06840880429372191,0.984375
45,300,0.08092662221752107,0.971875
46,10,0.061334007605910304,0.98125
46,20,0.05901239837985486,0.978125
46,30,0.03933101315051317,0.9875
46,40,0.029416123824194073,0.984375
46,50,0.0948471063748002,0.975
46,60,0.045375760179013014,0.975
46,70,0.11622940967790782,0.959375
46,80,0.09631237182766199,0.96875
46,90,0.09318969137966633,0.965625
46,100,0.12381708724424242,0.95625
46,110,0.0926196601241827,0.9625
46,120,0.09013486597687007,0.98125
46,130,0.09050480278674514,0.98125
46,140,0.13548353854566814,0.946875
46,150,0.09778232634998858,0.971875
46,160,0.11164986626245081,0.959375
46,170,0.07215305371209979,0.975
46,180,0.11424520630389452,0.965625
46,190,0.05572199947200716,0.990625
46,200,0.07792769490042702,0.96875
46,210,0.06897917974274606,0.978125
46,220,0.05052998582832515,0.9875
46,230,0.06617068266496062,0.971875
46,240,0.07443593200296164,0.975
46,250,0.06260767728090286,0.978125
46,260,0.08468544241040946,0.965625
46,270,0.09107483979314565,0.96875
46,280,0.04492731224745512,0.98125
46,290,0.10040514040738344,0.95625
46,300,0.12073091045022011,0.96875
47,10,0.09990531308576464,0.96875
47,20,0.0694626858457923,0.978125
47,30,0.06339681558310986,0.975
47,40,0.07654234804213048,0.98125
47,50,0.05105008510872722,0.98125
47,60,0.057915998017415406,0.978125
47,70,0.06560309333726763,0.98125
47,80,0.06859319685027003,0.978125
47,90,0.1018794996663928,0.96875
47,100,0.07259461935609579,0.978125
47,110,0.1136279784142971,0.9625
47,120,0.04675511852838099,0.9875
47,130,0.06582697508856654,0.98125
47,140,0.06565114054828883,0.978125
47,150,0.07896187677979469,0.975
47,160,0.08173307571560144,0.978125
47,170,0.05708717154338956,0.984375
47,180,0.0960425543366,0.9625
47,190,0.0671958545630332,0.978125
47,200,0.06353063625283539,0.98125
47,210,0.052093630842864516,0.98125
47,220,0.047546001779846844,0.984375
47,230,0.04134498205967248,0.984375
47,240,0.04681924148462713,0.978125
47,250,0.04238092449959367,0.984375
47,260,0.05971530436072499,0.978125
47,270,0.08865009369328618,0.9625
47,280,0.05532879526726901,0.984375
47,290,0.058282446675002576,0.971875
47,300,0.05193673095200211,0.98125
48,10,0.025704065640456974,0.9875
48,20,0.04997100657783449,0.984375
48,30,0.05671835248358548,0.978125
48,40,0.03979134536348283,0.9875
48,50,0.057134841289371255,0.978125
48,60,0.05002335552126169,0.978125
48,70,0.02831292967312038,0.9875
48,80,0.06379576816689222,0.984375
48,90,0.04123157863505185,0.984375
48,100,0.04268356789834797,0.984375
48,110,0.04248964118305594,0.984375
48,120,0.03472957260673866,0.984375
48,130,0.052085125958546995,0.984375
48,140,0.055162581894546744,0.978125
48,150,0.06858282256871462,0.9625
48,160,0.04612692007794976,0.9875
48,170,0.0351071372628212,0.9875
48,180,0.027665065973997115,0.9875
48,190,0.028682217351160944,0.990625
48,200,0.02800378086976707,0.990625
48,210,0.041591808572411536,0.975
48,220,0.0595337079372257,0.9875
48,230,0.07606444428674877,0.975
48,240,0.09642183138057589,0.965625
48,250,0.07353844908066094,0.96875
48,260,0.04980604115407914,0.98125
48,270,0.05275410147150979,0.978125
48,280,0.03041442218236625,0.9875
48,290,0.06606733626686037,0.98125
48,300,0.06601309035904705,0.978125
49,10,0.04181591123342514,0.9875
49,20,0.02673628635238856,0.99375
49,30,0.03665124080143869,0.984375
49,40,0.03186017712578178,0.984375
49,50,0.05393135515041649,0.971875
49,60,0.00943789886077866,1.0
49,70,0.02647912884131074,0.990625
49,80,0.024434571596793832,0.9875
49,90,0.04864498481620103,0.984375
49,100,0.03032905380241573,0.990625
49,110,0.03886656928807497,0.984375
49,120,0.05474200879689306,0.971875
49,130,0.04570582485757768,0.984375
49,140,0.045402720011770724,0.984375
49,150,0.029025695868767798,0.990625
49,160,0.07909480510279536,0.978125
49,170,0.040957537526264784,0.9875
49,180,0.030164726171642543,0.9875
49,190,0.06003800453618169,0.99375
49,200,0.04384992208797485,0.99375
49,210,0.06331135872751474,0.975
49,220,0.0444719476159662,0.984375
49,230,0.035762402089312674,0.9875
49,240,0.026391064445488156,0.9875
49,250,0.05393783280160278,0.98125
49,260,0.059274089010432365,0.978125
49,270,0.03294752947986126,0.9875
49,280,0.03519502459093928,0.9875
49,290,0.059922270197421315,0.975
49,300,0.020168778608785944,0.99375
