0,10,3.3220950841903685,0.178125
0,20,2.878469204902649,0.340625
0,30,2.6170528888702393,0.36875
0,40,2.566714119911194,0.39375
0,50,2.2777868032455446,0.425
0,60,2.166770374774933,0.440625
0,70,2.0735055804252625,0.478125
0,80,2.1832967519760134,0.440625
0,90,2.026828169822693,0.490625
0,100,1.72902410030365,0.559375
0,110,1.8310595273971557,0.5125
0,120,1.7963539600372314,0.525
0,130,1.7865696668624877,0.509375
0,140,1.6484628200531006,0.553125
0,150,1.6926445007324218,0.53125
0,160,1.5727560222148895,0.6
0,170,1.4638694763183593,0.621875
0,180,1.7546136260032654,0.503125
0,190,1.6830632925033568,0.51875
0,200,1.47716783285141,0.59375
0,210,1.2708857655525208,0.61875
0,220,1.5346801280975342,0.575
0,230,1.286229407787323,0.64375
0,240,1.2109463453292846,0.653125
0,250,1.2226590156555175,0.6625
0,260,1.4017361104488373,0.5875
0,270,1.3025503039360047,0.621875
0,280,1.3135060787200927,0.615625
0,290,1.4562858581542968,0.584375
0,300,1.1230853378772736,0.6875
1,10,1.1251240134239198,0.684375
1,20,1.1165957927703858,0.68125
1,30,1.0908954322338105,0.703125
1,40,1.2489866495132447,0.609375
1,50,1.1577590107917786,0.66875
1,60,1.1074022352695465,0.690625
1,70,0.9760360658168793,0.734375
1,80,1.1120538234710693,0.675
1,90,1.1174539387226106,0.70625
1,100,1.1432368636131287,0.65625
1,110,1.0941219627857208,0.671875
1,120,1.1114615559577943,0.69375
1,130,1.2049965560436249,0.675
1,140,0.9909373998641968,0.721875
1,150,0.9634465396404266,0.71875
1,160,1.0328589737415315,0.675
1,170,0.9891798317432403,0.734375
1,180,1.0801620304584503,0.6625
1,190,1.0997935116291047,0.675
1,200,1.0419490814208985,0.671875
1,210,0.9807233273983001,0.728125
1,220,0.9635635316371918,0.75625
1,230,0.8787909209728241,0.74375
1,240,1.0355575621128081,0.678125
1,250,1.038366585969925,0.715625
1,260,0.9365947067737579,0.715625
1,270,0.9394874960184098,0.7125
1,280,0.8451762199401855,0.734375
1,290,0.9842774868011475,0.70625
1,300,0.9882743656635284,0.70625
2,10,0.8033885031938552,0.759375
2,20,0.8848903238773346,0.7375
2,30,0.885297292470932,0.725
2,40,0.849675527215004,0.76875
2,50,0.8561434626579285,0.759375
2,60,0.8144293129444122,0.740625
2,70,1.020498812198639,0.671875
2,80,0.8624639511108398,0.74375
2,90,0.8218865871429444,0.728125
2,100,0.8433327615261078,0.74375
2,110,0.6903784900903702,0.80625
2,120,0.7981231212615967,0.740625
2,130,0.965775340795517,0.715625
2,140,0.7261424422264099,0.784375
2,150,0.835137015581131,0.75
2,160,0.8889844715595245,0.725
2,170,0.9638220131397247,0.725
2,180,0.9458086848258972,0.7125
2,190,0.7425853610038757,0.790625
2,200,0.9502160429954529,0.703125
2,210,0.7204810172319412,0.8
2,220,0.7197279244661331,0.778125
2,230,0.6415211170911789,0.821875
2,240,0.8750747382640839,0.75625
2,250,0.8517232269048691,0.74375
2,260,0.8286808252334594,0.740625
2,270,0.7828928351402282,0.740625
2,280,0.7267139494419098,0.78125
2,290,0.8842403292655945,0.76875
2,300,0.7659341156482696,0.753125
3,10,0.7953471034765244,0.759375
3,20,0.653502744436264,0.784375
3,30,0.8107590258121491,0.771875
3,40,0.7515880107879639,0.7625
3,50,0.6969762831926346,0.7875
3,60,0.7055808275938034,0.778125
3,70,0.6931506335735321,0.765625
3,80,0.6996740996837616,0.79375
3,90,0.739598274230957,0.775
3,100,0.714662715792656,0.809375
3,110,0.631140622496605,0.821875
3,120,0.701047831773758,0.803125
3,130,0.745767343044281,0.7875
3,140,0.6730896174907685,0.79375
3,150,0.6905533701181412,0.7875
3,160,0.8377122431993484,0.74375
3,170,0.630600067973137,0.8
3,180,0.7056676894426346,0.75625
3,190,0.6891300290822983,0.7875
3,200,0.6280139744281769,0.809375
3,210,0.6013212680816651,0.8
3,220,0.6353096604347229,0.790625
3,230,0.6475539803504944,0.8
3,240,0.7765698939561844,0.7625
3,250,0.6717105448246002,0.81875
3,260,0.6762283176183701,0.796875
3,270,0.7379674673080444,0.765625
3,280,0.6653948724269867,0.796875
3,290,0.6602196246385574,0.809375
3,300,0.6754543542861938,0.778125
4,10,0.6126937597990036,0.80625
4,20,0.5693358659744263,0.81875
4,30,0.6665693789720535,0.7875
4,40,0.6369398444890976,0.8
4,50,0.6862662404775619,0.8
4,60,0.6566804766654968,0.803125
4,70,0.5297789394855499,0.84375
4,80,0.5978852599859238,0.7875
4,90,0.7443802386522294,0.765625
4,100,0.5152142673730851,0.853125
4,110,0.5653854548931122,0.821875
4,120,0.5565681159496307,0.84375
4,130,0.5727453202009201,0.828125
4,140,0.6655485600233078,0.8125
4,150,0.617776694893837,0.803125
4,160,0.5761791944503785,0.84375
4,170,0.5253090023994446,0.8375
4,180,0.611483845114708,0.821875
4,190,0.7143790394067764,0.784375
4,200,0.5756548061966896,0.828125
4,210,0.5437115460634232,0.825
4,220,0.5917730391025543,0.828125
4,230,0.6204817235469818,0.81875
4,240,0.5725320816040039,0.821875
4,250,0.649374708533287,0.809375
4,260,0.6280517280101776,0.81875
4,270,0.5715098440647125,0.8375
4,280,0.5547160685062409,0.821875
4,290,0.5183650881052018,0.85
4,300,0.5935440331697464,0.828125
5,10,0.6114619046449661,0.771875
5,20,0.5650637686252594,0.81875
5,30,0.4418823570013046,0.86875
5,40,0.5754341796040535,0.825
5,50,0.4481102406978607,0.85625
5,60,0.5716222584247589,0.809375
5,70,0.4707004472613335,0.828125
5,80,0.720689982175827,0.771875
5,90,0.673508420586586,0.765625
5,100,0.5099519923329353,0.840625
5,110,0.5916535019874573,0.825
5,120,0.5900029957294464,0.80625
5,130,0.3935103178024292,0.8875
5,140,0.5180632799863816,0.825
5,150,0.582605841755867,0.821875
5,160,0.7366150915622711,0.81875
5,170,0.4376705288887024,0.865625
5,180,0.5730242222547531,0.834375
5,190,0.47202772200107573,0.859375
5,200,0.517844358086586,0.85
5,210,0.4544664978981018,0.875
5,220,0.4685578167438507,0.8375
5,230,0.5206450551748276,0.8375
5,240,0.5903599679470062,0.8375
5,250,0.5477729469537735,0.825
5,260,0.574291068315506,0.834375
5,270,0.57219278216362,0.803125
5,280,0.5113315016031266,0.84375
5,290,0.5149743020534515,0.85
5,300,0.5656211823225021,0.8375
6,10,0.6180526167154312,0.8
6,20,0.4428761199116707,0.85
6,30,0.5151449650526047,0.85625
6,40,0.5691970467567444,0.84375
6,50,0.5479728490114212,0.83125
6,60,0.5076483696699142,0.85
6,70,0.5494986444711685,0.834375
6,80,0.47654410302639005,0.84375
6,90,0.5596968948841095,0.83125
6,100,0.5401504844427109,0.8375
6,110,0.4966137245297432,0.8375
6,120,0.5323052048683167,0.825
6,130,0.5123073607683182,0.83125
6,140,0.3950230121612549,0.878125
6,150,0.5961874634027481,0.825
6,160,0.593911987543106,0.825
6,170,0.46695846021175386,0.8625
6,180,0.38901264369487765,0.865625
6,190,0.42984521985054014,0.878125
6,200,0.5367161452770233,0.840625
6,210,0.5736293256282806,0.815625
6,220,0.4517751634120941,0.840625
6,230,0.41908199042081834,0.871875
6,240,0.5570228874683381,0.828125
6,250,0.4091919958591461,0.871875
6,260,0.4989756286144257,0.88125
6,270,0.43118517100811005,0.865625
6,280,0.45313180088996885,0.853125
6,290,0.5467221677303314,0.853125
6,300,0.5031977623701096,0.81875
7,10,0.5077306449413299,0.840625
7,20,0.45344334542751313,0.834375
7,30,0.4629817843437195,0.8625
7,40,0.526344433426857,0.83125
7,50,0.5214241534471512,0.83125
7,60,0.4224891871213913,0.8625
7,70,0.4055921137332916,0.871875
7,80,0.4697696343064308,0.85625
7,90,0.47631139755249025,0.85
7,100,0.3867461308836937,0.871875
7,110,0.4516769289970398,0.840625
7,120,0.48562744408845904,0.84375
7,130,0.5382159903645516,0.846875
7,140,0.3874917134642601,0.88125
7,150,0.47222496569156647,0.853125
7,160,0.5893153071403503,0.83125
7,170,0.4371219679713249,0.871875
7,180,0.4703846752643585,0.84375
7,190,0.43219404816627505,0.846875
7,200,0.4111202910542488,0.88125
7,210,0.4132270410656929,0.8875
7,220,0.4870213851332664,0.85625
7,230,0.5910194098949433,0.834375
7,240,0.6683353751897811,0.80625
7,250,0.4706591069698334,0.85
7,260,0.38565992265939714,0.871875
7,270,0.570499724149704,0.815625
7,280,0.37057747393846513,0.875
7,290,0.41523720771074296,0.86875
7,300,0.49312378019094466,0.853125
8,10,0.3681644931435585,0.89375
8,20,0.46222557574510575,0.8625
8,30,0.47781913727521896,0.85625
8,40,0.469701012969017,0.846875
8,50,0.3349225327372551,0.890625
8,60,0.41516415774822235,0.85625
8,70,0.41869025230407714,0.85
8,80,0.37279565036296847,0.86875
8,90,0.4549738958477974,0.853125
8,100,0.5066228538751603,0.84375
8,110,0.45198562294244765,0.8625
8,120,0.48507148325443267,0.83125
8,130,0.38592602759599687,0.884375
8,140,0.3441258206963539,0.884375
8,150,0.44124176204204557,0.8625
8,160,0.31566588655114175,0.890625
8,170,0.30585418492555616,0.9125
8,180,0.529847702383995,0.825
8,190,0.5252886801958084,0.84375
8,200,0.47504917830228804,0.85625
8,210,0.46862654834985734,0.84375
8,220,0.4407536208629608,0.875
8,230,0.4132885619997978,0.878125
8,240,0.43201955407857895,0.86875
8,250,0.4265831887722015,0.875
8,260,0.4991080045700073,0.828125
8,270,0.5491421669721603,0.828125
8,280,0.47264349907636644,0.853125
8,290,0.3666605085134506,0.8875
8,300,0.46065884828567505,0.871875
9,10,0.42732627391815187,0.86875
9,20,0.3445479549467564,0.88125
9,30,0.43712336719036105,0.840625
9,40,0.40645596385002136,0.884375
9,50,0.4477637603878975,0.853125
9,60,0.37393358051776887,0.865625
9,70,0.3747400611639023,0.884375
9,80,0.349204783141613,0.875
9,90,0.3782758928835392,0.884375
9,100,0.38054278641939165,0.875
9,110,0.3655375882983208,0.8875
9,120,0.44375465512275697,0.8625
9,130,0.4361016102135181,0.871875
9,140,0.39231818318367007,0.859375
9,150,0.40932111293077467,0.859375
9,160,0.3823759287595749,0.875
9,170,0.36490867137908933,0.8625
9,180,0.4703542724251747,0.86875
9,190,0.3365525364875793,0.890625
9,200,0.4014491751790047,0.865625
9,210,0.3945308193564415,0.88125
9,220,0.42035211622714996,0.85
9,230,0.30474298149347306,0.903125
9,240,0.3434185028076172,0.89375
9,250,0.3989994928240776,0.871875
9,260,0.38577127903699876,0.86875
9,270,0.5142066806554795,0.8375
9,280,0.4538799554109573,0.828125
9,290,0.3709720209240913,0.89375
9,300,0.3730070948600769,0.865625
10,10,0.39664373397827146,0.890625
10,20,0.3665000289678574,0.88125
10,30,0.45635252594947817,0.85
10,40,0.30081491768360136,0.909375
10,50,0.27689092308282853,0.896875
10,60,0.3433044612407684,0.890625
10,70,0.3599352344870567,0.88125
10,80,0.3768208079040051,0.88125
10,90,0.3781449496746063,0.884375
10,100,0.3575794279575348,0.865625
10,110,0.4152396723628044,0.853125
10,120,0.4357475146651268,0.871875
10,130,0.35839709639549255,0.86875
10,140,0.43550905585289,0.853125
10,150,0.3936494767665863,0.884375
10,160,0.41738255620002745,0.85
10,170,0.512537094950676,0.8375
10,180,0.3946329191327095,0.8875
10,190,0.4126836329698563,0.884375
10,200,0.42998547852039337,0.875
10,210,0.36427822411060334,0.871875
10,220,0.41014900952577593,0.875
10,230,0.3659916177392006,0.875
10,240,0.4553856462240219,0.853125
10,250,0.42897472679615023,0.86875
10,260,0.4114612564444542,0.846875
10,270,0.30954467281699183,0.896875
10,280,0.29221121519804,0.9
10,290,0.43359754979610443,0.84375
10,300,0.3029182836413383,0.90625
11,10,0.36892547607421877,0.871875
11,20,0.38616054356098173,0.86875
11,30,0.33160972148180007,0.896875
11,40,0.33303999304771426,0.875
11,50,0.36846763640642166,0.878125
11,60,0.4405008926987648,0.846875
11,70,0.33701963573694227,0.9
11,80,0.41933801025152206,0.85625
11,90,0.43642044365406035,0.86875
11,100,0.27377972602844236,0.909375
11,110,0.40950488299131393,0.85625
11,120,0.4234638258814812,0.840625
11,130,0.31865602135658266,0.8875
11,140,0.4871306985616684,0.8375
11,150,0.34427334666252135,0.8875
11,160,0.3698774501681328,0.865625
11,170,0.35021272450685503,0.8875
11,180,0.33200627863407134,0.884375
11,190,0.34622636884450914,0.884375
11,200,0.4313224881887436,0.878125
11,210,0.3635981045663357,0.896875
11,220,0.3594279050827026,0.890625
11,230,0.42854583710432054,0.846875
11,240,0.4011050581932068,0.8625
11,250,0.33012653440237044,0.896875
11,260,0.3677534654736519,0.89375
11,270,0.3238571688532829,0.86875
11,280,0.3604710564017296,0.859375
11,290,0.3259911075234413,0.90625
11,300,0.3448157474398613,0.88125
12,10,0.3351122006773949,0.890625
12,20,0.33400859236717223,0.8875
12,30,0.3380906209349632,0.8875
12,40,0.3355978555977345,0.875
12,50,0.5047457993030549,0.85
12,60,0.33885013610124587,0.8875
12,70,0.3426916152238846,0.875
12,80,0.2627485223114491,0.90625
12,90,0.4275449365377426,0.846875
12,100,0.32445845268666745,0.8875
12,110,0.3161644548177719,0.903125
12,120,0.2938209608197212,0.903125
12,130,0.27983407452702524,0.915625
12,140,0.41900313943624495,0.85625
12,150,0.298506398499012,0.89375
12,160,0.29053493589162827,0.871875
12,170,0.4410600334405899,0.846875
12,180,0.3128081351518631,0.89375
12,190,0.36684863865375517,0.8875
12,200,0.3926794916391373,0.88125
12,210,0.4207245588302612,0.840625
12,220,0.27879210412502287,0.9
12,230,0.36644263863563536,0.884375
12,240,0.27772762775421145,0.909375
12,250,0.36240594238042834,0.8875
12,260,0.29151311740279195,0.9125
12,270,0.41639661490917207,0.865625
12,280,0.31016855761408807,0.896875
12,290,0.3126011252403259,0.90625
12,300,0.29758900217711926,0.915625
13,10,0.3296089217066765,0.90625
13,20,0.35136802643537524,0.89375
13,30,0.4156018853187561,0.875
13,40,0.3357975706458092,0.890625
13,50,0.4336283415555954,0.8625
13,60,0.32903533056378365,0.871875
13,70,0.35179748237133024,0.88125
13,80,0.30550794303417206,0.89375
13,90,0.3095730572938919,0.878125
13,100,0.3105490081012249,0.903125
13,110,0.304120109975338,0.88125
13,120,0.3086507484316826,0.89375
13,130,0.3218226686120033,0.896875
13,140,0.30245201587677,0.8875
13,150,0.3662752270698547,0.875
13,160,0.3171099126338959,0.896875
13,170,0.4072471112012863,0.871875
13,180,0.3310176879167557,0.88125
13,190,0.303499636054039,0.896875
13,200,0.30925365537405014,0.915625
13,210,0.35316779613494875,0.884375
13,220,0.31558244340121744,0.903125
13,230,0.41667569130659105,0.865625
13,240,0.3299642004072666,0.896875
13,250,0.39685248881578444,0.875
13,260,0.38513950258493423,0.86875
13,270,0.3018960997462273,0.91875
13,280,0.28279278725385665,0.903125
13,290,0.3345076084136963,0.88125
13,300,0.3270922638475895,0.9
14,10,0.3004982717335224,0.89375
14,20,0.28347501829266547,0.90625
14,30,0.2811565101146698,0.909375
14,40,0.26680444926023483,0.903125
14,50,0.2779921039938927,0.903125
14,60,0.2596405386924744,0.9
14,70,0.30429913848638535,0.890625
14,80,0.33817257508635523,0.903125
14,90,0.25323386043310164,0.90625
14,100,0.33483573645353315,0.896875
14,110,0.31830852627754214,0.88125
14,120,0.32880523800849915,0.9
14,130,0.3012175239622593,0.875
14,140,0.3479709208011627,0.871875
14,150,0.3116242378950119,0.871875
14,160,0.38625134974718095,0.865625
14,170,0.33718243688344957,0.896875
14,180,0.3183053255081177,0.896875
14,190,0.3714762762188911,0.875
14,200,0.2640850357711315,0.9125
14,210,0.34930875822901725,0.8875
14,220,0.3903021439909935,0.865625
14,230,0.28442285656929017,0.9125
14,240,0.3020129859447479,0.9
14,250,0.25982231870293615,0.903125
14,260,0.3217545062303543,0.903125
14,270,0.4330137223005295,0.8375
14,280,0.3759470611810684,0.9
14,290,0.3275313310325146,0.871875
14,300,0.33557108640670774,0.890625
15,10,0.29835014790296555,0.878125
15,20,0.34534294307231905,0.878125
15,30,0.28519362062215803,0.9125
15,40,0.329050113260746,0.896875
15,50,0.20441404581069947,0.93125
15,60,0.2636036083102226,0.9125
15,70,0.226518215239048,0.921875
15,80,0.25338307172060015,0.928125
15,90,0.25071667283773424,0.921875
15,100,0.27198018580675126,0.9
15,110,0.3046805068850517,0.9
15,120,0.2830157034099102,0.890625
15,130,0.3059951052069664,0.890625
15,140,0.3451768055558205,0.890625
15,150,0.3006070554256439,0.903125
15,160,0.32770526260137556,0.878125
15,170,0.31465360671281817,0.915625
15,180,0.41981405913829806,0.865625
15,190,0.29990783259272574,0.9125
15,200,0.36932640671730044,0.85625
15,210,0.29690840318799017,0.9
15,220,0.22728790193796158,0.928125
15,230,0.2834700882434845,0.9125
15,240,0.2684517040848732,0.909375
15,250,0.27581199407577517,0.9
15,260,0.28032732754945755,0.9125
15,270,0.32692563384771345,0.88125
15,280,0.3303574606776237,0.878125
15,290,0.3191766396164894,0.90625
15,300,0.30420302748680117,0.9
16,10,0.2703396677970886,0.91875
16,20,0.26972972229123116,0.903125
16,30,0.29304566234350204,0.9
16,40,0.25004744306206705,0.925
16,50,0.33695540204644203,0.8875
16,60,0.2649464696645737,0.9125
16,70,0.3683867081999779,0.875
16,80,0.2422395922243595,0.921875
16,90,0.4147515565156937,0.871875
16,100,0.1785199262201786,0.95
16,110,0.31385585367679597,0.88125
16,120,0.2632747143507004,0.925
16,130,0.32697843909263613,0.903125
16,140,0.30281031876802444,0.896875
16,150,0.3293023928999901,0.896875
16,160,0.28253369480371476,0.903125
16,170,0.244636233150959,0.915625
16,180,0.22875648885965347,0.928125
16,190,0.29936855286359787,0.909375
16,200,0.3114206701517105,0.9125
16,210,0.2810507997870445,0.903125
16,220,0.24067291393876075,0.925
16,230,0.2837619878351688,0.9
16,240,0.2948455259203911,0.909375
16,250,0.25085988491773603,0.9125
16,260,0.3156880930066109,0.9
16,270,0.27805374637246133,0.91875
16,280,0.3654624179005623,0.871875
16,290,0.37809569835662843,0.871875
16,300,0.3190962642431259,0.90625
17,10,0.2683103017508984,0.91875
17,20,0.25677220448851584,0.89375
17,30,0.35209395438432695,0.890625
17,40,0.28843306452035905,0.9
17,50,0.26465619057416917,0.921875
17,60,0.2819640964269638,0.896875
17,70,0.27892832159996034,0.9
17,80,0.222500941157341,0.915625
17,90,0.19995502531528472,0.915625
17,100,0.23996274098753928,0.91875
17,110,0.244892730563879,0.921875
17,120,0.20274963341653346,0.940625
17,130,0.3867867782711983,0.859375
17,140,0.23344903886318208,0.921875
17,150,0.3054694153368473,0.909375
17,160,0.2660896420478821,0.915625
17,170,0.3062650755047798,0.89375
17,180,0.22434654347598554,0.925
17,190,0.2531095162034035,0.90625
17,200,0.21104996129870415,0.928125
17,210,0.22249537855386733,0.940625
17,220,0.23214379027485849,0.934375
17,230,0.34001762717962264,0.89375
17,240,0.25872279293835165,0.9125
17,250,0.2929409250617027,0.890625
17,260,0.29733567088842394,0.903125
17,270,0.23459369800984858,0.91875
17,280,0.3047052025794983,0.89375
17,290,0.23257585167884826,0.915625
17,300,0.2598138481378555,0.903125
18,10,0.29660814255476,0.903125
18,20,0.24247482568025588,0.921875
18,30,0.252488075196743,0.9
18,40,0.21229127570986747,0.928125
18,50,0.19979663230478764,0.95
18,60,0.20726029127836226,0.925
18,70,0.28738156259059905,0.89375
18,80,0.26634823307394984,0.9125
18,90,0.20976112112402917,0.94375
18,100,0.24025287851691246,0.91875
18,110,0.27044687904417514,0.9
18,120,0.23123772889375688,0.921875
18,130,0.22828369587659836,0.928125
18,140,0.20808493793010713,0.928125
18,150,0.303662870824337,0.878125
18,160,0.251638238132,0.921875
18,170,0.3039747282862663,0.896875
18,180,0.25016138330101967,0.9125
18,190,0.24137498140335084,0.9125
18,200,0.32936021536588667,0.871875
18,210,0.3107016824185848,0.903125
18,220,0.3891188815236092,0.875
18,230,0.24891893714666366,0.915625
18,240,0.2956965148448944,0.90625
18,250,0.22368617057800294,0.940625
18,260,0.2649853348731995,0.89375
18,270,0.2779818557202816,0.9
18,280,0.22714012935757638,0.921875
18,290,0.29233798421919344,0.91875
18,300,0.3150566160678864,0.890625
19,10,0.23993638679385185,0.91875
19,20,0.3075978636741638,0.9
19,30,0.23754685819149018,0.9375
19,40,0.31045200675725937,0.884375
19,50,0.3019720494747162,0.90625
19,60,0.22707416713237763,0.915625
19,70,0.23407896235585213,0.921875
19,80,0.2142221100628376,0.921875
19,90,0.24126994460821152,0.925
19,100,0.21006275489926338,0.940625
19,110,0.23268170803785324,0.928125
19,120,0.30077957063913346,0.89375
19,130,0.31323502734303477,0.9
19,140,0.2791020631790161,0.8875
19,150,0.22219813913106917,0.91875
19,160,0.23426238000392913,0.928125
19,170,0.28240935802459716,0.890625
19,180,0.26931249909102917,0.896875
19,190,0.2947876900434494,0.8875
19,200,0.3036949120461941,0.9
19,210,0.22281754463911058,0.915625
19,220,0.2414522238075733,0.921875
19,230,0.22768805399537087,0.91875
19,240,0.28388345539569854,0.89375
19,250,0.22653269171714782,0.9125
19,260,0.2860563337802887,0.91875
19,270,0.19870534762740136,0.940625
19,280,0.2882395781576633,0.896875
19,290,0.25129338540136814,0.93125
19,300,0.2700886219739914,0.9
20,10,0.28248884677886965,0.890625
20,20,0.2956068068742752,0.89375
20,30,0.26772904619574545,0.90625
20,40,0.2304100811481476,0.934375
20,50,0.22245142012834548,0.9375
20,60,0.18133618012070657,0.925
20,70,0.25031436830759046,0.915625
20,80,0.23358477130532265,0.921875
20,90,0.20948040708899499,0.91875
20,100,0.24039793759584427,0.9125
20,110,0.2444842841476202,0.934375
20,120,0.23230031579732896,0.896875
20,130,0.3400345973670483,0.88125
20,140,0.21711585894227028,0.93125
20,150,0.2985557667911053,0.884375
20,160,0.2982285648584366,0.9
20,170,0.29901752769947054,0.903125
20,180,0.3236099794507027,0.871875
20,190,0.27268617153167723,0.896875
20,200,0.22389188259840012,0.928125
20,210,0.2686657220125198,0.915625
20,220,0.31110822781920433,0.903125
20,230,0.23392950966954232,0.925
20,240,0.2805118262767792,0.89375
20,250,0.27682759836316106,0.88125
20,260,0.1968069165945053,0.940625
20,270,0.3020724818110466,0.9
20,280,0.2028522565960884,0.934375
20,290,0.28542977198958397,0.890625
20,300,0.23347088173031808,0.925
21,10,0.21797095686197282,0.903125
21,20,0.2642864868044853,0.921875
21,30,0.23234164342284203,0.928125
21,40,0.1939256027340889,0.93125
21,50,0.21820658594369888,0.91875
21,60,0.20183412879705429,0.915625
21,70,0.21097621992230414,0.928125
21,80,0.2252401143312454,0.91875
21,90,0.19316488206386567,0.909375
21,100,0.15896005593240262,0.95
21,110,0.2567543566226959,0.903125
21,120,0.3298721142113209,0.896875
21,130,0.2986661933362484,0.884375
21,140,0.2480380654335022,0.90625
21,150,0.20137875750660897,0.928125
21,160,0.23770443201065064,0.8875
21,170,0.2837782219052315,0.89375
21,180,0.30017078667879105,0.9
21,190,0.2929322861135006,0.9125
21,200,0.2244457945227623,0.928125
21,210,0.31509753689169884,0.90625
21,220,0.2317912794649601,0.91875
21,230,0.2701650053262711,0.915625
21,240,0.21276542954146863,0.940625
21,250,0.266019531711936,0.915625
21,260,0.23425622135400773,0.909375
21,270,0.24424634650349616,0.909375
21,280,0.19467086009681225,0.93125
21,290,0.19290984906256198,0.953125
21,300,0.3019380509853363,0.88125
22,10,0.306422221660614,0.8875
22,20,0.20946082808077335,0.903125
22,30,0.21629271954298018,0.925
22,40,0.1681312195956707,0.940625
22,50,0.20174460150301457,0.925
22,60,0.2981055095791817,0.896875
22,70,0.1752345647662878,0.940625
22,80,0.2257489465177059,0.91875
22,90,0.27848435193300247,0.903125
22,100,0.2149037279188633,0.921875
22,110,0.19258122742176056,0.9375
22,120,0.25140010192990303,0.921875
22,130,0.1854913391172886,0.95
22,140,0.23115424662828446,0.921875
22,150,0.22867746129631997,0.93125
22,160,0.22618507444858552,0.915625
22,170,0.24067525044083596,0.909375
22,180,0.24421227872371673,0.91875
22,190,0.17780956402420997,0.94375
22,200,0.21631617434322833,0.91875
22,210,0.19085641019046307,0.94375
22,220,0.2285658210515976,0.928125
22,230,0.2761060021817684,0.9125
22,240,0.19715994223952293,0.934375
22,250,0.24136593341827392,0.9125
22,260,0.1930705113336444,0.921875
22,270,0.24541186392307282,0.89375
22,280,0.2613200470805168,0.91875
22,290,0.19167695492506026,0.9375
22,300,0.22564119063317775,0.915625
23,10,0.17445857897400857,0.93125
23,20,0.2142218366265297,0.93125
23,30,0.19680434614419937,0.934375
23,40,0.18114740401506424,0.940625
23,50,0.21500964388251304,0.921875
23,60,0.17308889254927634,0.934375
23,70,0.2821259550750256,0.903125
23,80,0.17403036952018738,0.95625
23,90,0.25239013563841584,0.90625
23,100,0.23784170113503933,0.903125
23,110,0.2662577539682388,0.903125
23,120,0.1950395941734314,0.940625
23,130,0.3054362177848816,0.9
23,140,0.26298741698265077,0.89375
23,150,0.34019198939204215,0.8875
23,160,0.2690321572124958,0.90625
23,170,0.1764707401394844,0.9375
23,180,0.3386382516473532,0.89375
23,190,0.2645334493368864,0.903125
23,200,0.2488156832754612,0.921875
23,210,0.2288317397236824,0.9125
23,220,0.23697458803653718,0.9125
23,230,0.2577856108546257,0.915625
23,240,0.24452271424233912,0.925
23,250,0.304761478304863,0.9
23,260,0.2383323349058628,0.925
23,270,0.22741026058793068,0.921875
23,280,0.2648699350655079,0.909375
23,290,0.2803424671292305,0.884375
23,300,0.1934612665325403,0.946875
24,10,0.20870641097426415,0.928125
24,20,0.20455458685755729,0.928125
24,30,0.2033290695399046,0.934375
24,40,0.21561342030763625,0.928125
24,50,0.2744040250778198,0.88125
24,60,0.260674911737442,0.925
24,70,0.17740652188658715,0.928125
24,80,0.1650068586692214,0.940625
24,90,0.25162663534283636,0.921875
24,100,0.28258158937096595,0.909375
24,110,0.19056107252836227,0.934375
24,120,0.19975948929786683,0.93125
24,130,0.22108650133013724,0.91875
24,140,0.19531933031976223,0.93125
24,150,0.23146804347634314,0.9125
24,160,0.204212486743927,0.928125
24,170,0.24076696671545506,0.91875
24,180,0.19502194076776505,0.9375
24,190,0.18591338619589806,0.925
24,200,0.26847662404179573,0.90625
24,210,0.2230590434744954,0.925
24,220,0.2795642830431461,0.9
24,230,0.23117882534861564,0.921875
24,240,0.2303817056119442,0.93125
24,250,0.2340382993221283,0.9375
24,260,0.23494659699499607,0.91875
24,270,0.2484960462898016,0.925
24,280,0.23987326622009278,0.915625
24,290,0.1980424102395773,0.934375
24,300,0.26805681735277176,0.9125
25,10,0.22987381406128407,0.921875
25,20,0.17826094292104244,0.940625
25,30,0.2033547654747963,0.93125
25,40,0.21652960702776908,0.91875
25,50,0.2550436906516552,0.909375
25,60,0.2506015658378601,0.9125
25,70,0.2211185410618782,0.925
25,80,0.15987190529704093,0.94375
25,90,0.23912677094340323,0.925
25,100,0.19007253646850586,0.940625
25,110,0.19849844723939897,0.93125
25,120,0.2955256372690201,0.890625
25,130,0.21780701726675034,0.928125
25,140,0.237016162276268,0.90625
25,150,0.2740150637924671,0.903125
25,160,0.2071733508259058,0.925
25,170,0.2348112627863884,0.915625
25,180,0.2031472034752369,0.940625
25,190,0.18030199110507966,0.940625
25,200,0.1771191731095314,0.934375
25,210,0.2377308238297701,0.91875
25,220,0.15989916175603866,0.95
25,230,0.2278220273554325,0.915625
25,240,0.25654562190175056,0.903125
25,250,0.23042255714535714,0.9125
25,260,0.2512724258005619,0.9
25,270,0.23619011640548707,0.925
25,280,0.18261795043945311,0.940625
25,290,0.2731281340122223,0.903125
25,300,0.19200451001524926,0.93125
26,10,0.18755181804299353,0.93125
26,20,0.18627895154058932,0.91875
26,30,0.22748318016529084,0.934375
26,40,0.15215210057795048,0.95
26,50,0.2721296511590481,0.90625
26,60,0.16673205979168415,0.940625
26,70,0.16888718605041503,0.940625
26,80,0.17236176133155823,0.9375
26,90,0.17260906249284744,0.934375
26,100,0.14854172840714455,0.928125
26,110,0.14193453192710875,0.946875
26,120,0.1814174123108387,0.946875
26,130,0.19592950195074083,0.928125
26,140,0.2094705067574978,0.925
26,150,0.1442503359168768,0.946875
26,160,0.2754673607647419,0.890625
26,170,0.18899797685444356,0.93125
26,180,0.23636779710650443,0.9375
26,190,0.2835048667155206,0.896875
26,200,0.22131485417485236,0.9125
26,210,0.23846404179930686,0.915625
26,220,0.23821183368563653,0.934375
26,230,0.2306925415992737,0.9125
26,240,0.13200376629829408,0.95
26,250,0.20587764978408812,0.93125
26,260,0.31737376004457474,0.8875
26,270,0.18540168907493354,0.928125
26,280,0.21058687828481198,0.925
26,290,0.21912700459361076,0.93125
26,300,0.2243767123669386,0.93125
27,10,0.17816007547080517,0.928125
27,20,0.1977053228765726,0.946875
27,30,0.19761118665337563,0.921875
27,40,0.22385644540190697,0.91875
27,50,0.1604519348591566,0.94375
27,60,0.14210774898529052,0.94375
27,70,0.2200184680521488,0.921875
27,80,0.24177394658327103,0.925
27,90,0.22157034333795309,0.94375
27,100,0.21532826758921148,0.94375
27,110,0.29507793486118317,0.9125
27,120,0.25083733201026914,0.896875
27,130,0.19120853319764136,0.94375
27,140,0.24572131037712097,0.925
27,150,0.16219050530344248,0.940625
27,160,0.16168568432331085,0.94375
27,170,0.16241556480526925,0.946875
27,180,0.20665459409356118,0.928125
27,190,0.18294722810387612,0.921875
27,200,0.16186653301119805,0.9375
27,210,0.17004884574562312,0.934375
27,220,0.2201783373951912,0.921875
27,230,0.22985764481127263,0.921875
27,240,0.19524956494569778,0.9375
27,250,0.21924507841467858,0.934375
27,260,0.2031998850405216,0.93125
27,270,0.20407995767891407,0.934375
27,280,0.2175994873046875,0.921875
27,290,0.15378234013915063,0.934375
27,300,0.16737624555826186,0.940625
28,10,0.16685660630464555,0.946875
28,20,0.22384387254714966,0.93125
28,30,0.25498444586992264,0.896875
28,40,0.21199821606278418,0.934375
28,50,0.17345518469810486,0.940625
28,60,0.16700086742639542,0.91875
28,70,0.15029081031680108,0.95
28,80,0.15464056171476842,0.940625
28,90,0.19311413019895554,0.928125
28,100,0.21244679838418962,0.93125
28,110,0.1300302643328905,0.959375
28,120,0.14790666475892067,0.94375
28,130,0.19133198633790016,0.928125
28,140,0.17522112280130386,0.934375
28,150,0.2104387629777193,0.925
28,160,0.1288051761686802,0.95625
28,170,0.25787210948765277,0.9125
28,180,0.21071957163512706,0.93125
28,190,0.14092857614159585,0.95625
28,200,0.14639623127877713,0.946875
28,210,0.18034045845270158,0.93125
28,220,0.17010383531451226,0.934375
28,230,0.2029593141749501,0.925
28,240,0.15698504447937012,0.93125
28,250,0.2179843533784151,0.91875
28,260,0.21909251883625985,0.93125
28,270,0.21779165603220463,0.915625
28,280,0.16754808351397515,0.95
28,290,0.22720443680882454,0.915625
28,300,0.148280256614089,0.946875
29,10,0.11718897949904203,0.95625
29,20,0.15523339658975602,0.953125
29,30,0.14395223520696163,0.95625
29,40,0.16346474960446358,0.9375
29,50,0.2099958226084709,0.921875
29,60,0.21676634773612022,0.93125
29,70,0.16296130158007144,0.93125
29,80,0.2279683493077755,0.921875
29,90,0.25895249247550967,0.903125
29,100,0.1826780065894127,0.921875
29,110,0.17923648487776517,0.940625
29,120,0.17530109137296676,0.94375
29,130,0.21680303737521173,0.921875
29,140,0.15984011851251126,0.934375
29,150,0.1850449251011014,0.940625
29,160,0.1789483729749918,0.9375
29,170,0.13733332455158234,0.946875
29,180,0.18566383197903633,0.934375
29,190,0.15188987590372563,0.94375
29,200,0.1769131287932396,0.940625
29,210,0.15500208474695681,0.953125
29,220,0.15287155099213123,0.94375
29,230,0.18992175199091435,0.940625
29,240,0.19901512153446674,0.93125
29,250,0.3010404147207737,0.90625
29,260,0.14951728098094463,0.953125
29,270,0.1395914822816849,0.953125
29,280,0.18981494084000589,0.934375
29,290,0.20772252082824708,0.921875
29,300,0.15552554354071618,0.95
30,10,0.1660167459398508,0.95
30,20,0.1568433776497841,0.9375
30,30,0.15233496725559234,0.946875
30,40,0.1398267351090908,0.959375
30,50,0.1530240908265114,0.95625
30,60,0.18415525779128075,0.9125
30,70,0.1702458258718252,0.940625
30,80,0.19893983509391547,0.928125
30,90,0.2279454529285431,0.90625
30,100,0.18745969161391257,0.925
30,110,0.191490076482296,0.9125
30,120,0.15645486041903495,0.94375
30,130,0.16927668899297715,0.94375
30,140,0.1711696483194828,0.94375
30,150,0.2545901000499725,0.909375
30,160,0.21798134669661523,0.9125
30,170,0.2543537184596062,0.915625
30,180,0.19845796525478362,0.91875
30,190,0.1776087611913681,0.94375
30,200,0.19573317989706993,0.9125
30,210,0.17804621420800687,0.928125
30,220,0.19578814879059792,0.9375
30,230,0.2153968706727028,0.91875
30,240,0.2105703607201576,0.925
30,250,0.15666119791567326,0.940625
30,260,0.2169359602034092,0.91875
30,270,0.19486333914101123,0.934375
30,280,0.17960026040673255,0.940625
30,290,0.1584811069071293,0.95
30,300,0.19043600410223008,0.925
31,10,0.16891129761934282,0.940625
31,20,0.1614416843280196,0.9375
31,30,0.1675298403017223,0.94375
31,40,0.15877289324998856,0.9375
31,50,0.1266758766025305,0.946875
31,60,0.1912287414073944,0.921875
31,70,0.1459329942241311,0.953125
31,80,0.1671547420322895,0.934375
31,90,0.16562897264957427,0.9375
31,100,0.1287429951131344,0.95
31,110,0.13117735609412193,0.95625
31,120,0.19014557227492332,0.91875
31,130,0.16732144355773926,0.940625
31,140,0.15605697482824327,0.94375
31,150,0.11665177643299103,0.96875
31,160,0.13647655211389065,0.95
31,170,0.1432596083730459,0.95625
31,180,0.22663361504673957,0.91875
31,190,0.14418542571365833,0.946875
31,200,0.18331141099333764,0.9375
31,210,0.22840298786759378,0.928125
31,220,0.1906410314142704,0.928125
31,230,0.17622275669127702,0.9375
31,240,0.23001165241003035,0.925
31,250,0.23499299995601178,0.91875
31,260,0.2515603303909302,0.90625
31,270,0.23213838934898376,0.921875
31,280,0.15700288712978364,0.94375
31,290,0.2133231706917286,0.921875
31,300,0.16724298112094402,0.946875
32,10,0.12673041224479675,0.953125
32,20,0.15239135194569825,0.940625
32,30,0.15452585518360137,0.9375
32,40,0.1918884128332138,0.93125
32,50,0.20399956740438938,0.928125
32,60,0.15055617913603783,0.95
32,70,0.1617992989718914,0.934375
32,80,0.14962149374186992,0.953125
32,90,0.15176106430590153,0.9375
32,100,0.11634526289999485,0.965625
32,110,0.17096201106905937,0.94375
32,120,0.15115805268287658,0.953125
32,130,0.1549453143030405,0.95
32,140,0.21086898148059846,0.915625
32,150,0.17764734029769896,0.9375
32,160,0.15405084565281868,0.95625
32,170,0.17907977662980556,0.934375
32,180,0.2645381882786751,0.903125
32,190,0.23025524206459522,0.915625
32,200,0.16860802695155144,0.940625
32,210,0.16918512508273126,0.940625
32,220,0.1733868595212698,0.94375
32,230,0.18090360946953296,0.93125
32,240,0.2381737731397152,0.915625
32,250,0.16136185005307196,0.940625
32,260,0.1832988817244768,0.94375
32,270,0.13804927766323088,0.946875
32,280,0.16330216620117427,0.934375
32,290,0.1751132443547249,0.940625
32,300,0.16899405643343926,0.953125
33,10,0.19223576225340366,0.93125
33,20,0.1210661057382822,0.953125
33,30,0.13327298797667025,0.95625
33,40,0.12480913288891315,0.959375
33,50,0.21592576503753663,0.93125
33,60,0.14739558584988116,0.95
33,70,0.18776808306574821,0.93125
33,80,0.12936851643025876,0.96875
33,90,0.14800445064902307,0.940625
33,100,0.15439870059490204,0.946875
33,110,0.13103658109903335,0.95625
33,120,0.11853327183052897,0.9625
33,130,0.1437259331345558,0.9375
33,140,0.1749778974801302,0.946875
33,150,0.18055900726467372,0.94375
33,160,0.15009368918836116,0.953125
33,170,0.22503457479178907,0.93125
33,180,0.13291756249964237,0.959375
33,190,0.11228113844990731,0.959375
33,200,0.19686033874750136,0.915625
33,210,0.14058135487139226,0.95
33,220,0.24401651844382286,0.909375
33,230,0.18990520425140858,0.91875
33,240,0.2043203443288803,0.940625
33,250,0.20964787378907204,0.928125
33,260,0.18953685015439986,0.946875
33,270,0.14729023464024066,0.959375
33,280,0.20935475826263428,0.91875
33,290,0.1839477837085724,0.93125
33,300,0.18378252126276493,0.9375
34,10,0.1698104003444314,0.93125
34,20,0.15521630011498927,0.9375
34,30,0.13134645372629167,0.94375
34,40,0.12781901974231005,0.953125
34,50,0.12088675387203693,0.95
34,60,0.13533876240253448,0.95
34,70,0.15780896916985512,0.95
34,80,0.16431446075439454,0.93125
34,90,0.10487433522939682,0.9625
34,100,0.2017978735268116,0.928125
34,110,0.12956052124500275,0.9625
34,120,0.18764514178037645,0.921875
34,130,0.14144546296447516,0.95
34,140,0.14805576764047146,0.953125
34,150,0.15879541151225568,0.953125
34,160,0.17833891101181507,0.934375
34,170,0.15412798961624502,0.95
34,180,0.19942147452384235,0.91875
34,190,0.12227042205631733,0.95625
34,200,0.12944655697792767,0.953125
34,210,0.15626192651689053,0.946875
34,220,0.15616785362362862,0.946875
34,230,0.19805317521095275,0.9375
34,240,0.14713749289512634,0.95625
34,250,0.2091582104563713,0.921875
34,260,0.22891863510012628,0.903125
34,270,0.17545521222054958,0.940625
34,280,0.19833461046218873,0.934375
34,290,0.21019107438623905,0.921875
34,300,0.203427105024457,0.925
35,10,0.1563996035605669,0.94375
35,20,0.14795781522989274,0.9625
35,30,0.10553536154329776,0.959375
35,40,0.12490187101066112,0.953125
35,50,0.1775158442556858,0.93125
35,60,0.13213472589850425,0.95
35,70,0.18440960571169854,0.925
35,80,0.15720040034502744,0.965625
35,90,0.23053212556988,0.91875
35,100,0.15907437913119793,0.95625
35,110,0.1126649271696806,0.946875
35,120,0.14165147468447686,0.94375
35,130,0.1448258873075247,0.95625
35,140,0.17488680854439737,0.940625
35,150,0.17505598738789557,0.940625
35,160,0.13680942058563234,0.95625
35,170,0.11566264703869819,0.9625
35,180,0.14992571473121644,0.9375
35,190,0.16338677257299422,0.95
35,200,0.1727864369750023,0.934375
35,210,0.11234763860702515,0.9625
35,220,0.14187471903860568,0.946875
35,230,0.15719587486237288,0.946875
35,240,0.15701512508094312,0.94375
35,250,0.1704289808869362,0.940625
35,260,0.1461901567876339,0.94375
35,270,0.20767975822091103,0.921875
35,280,0.135461900010705,0.94375
35,290,0.1822323216125369,0.9375
35,300,0.13066646941006183,0.95625
36,10,0.21849578320980073,0.925
36,20,0.13220496959984301,0.953125
36,30,0.15184938609600068,0.94375
36,40,0.1274357565678656,0.953125
36,50,0.16788963805884122,0.946875
36,60,0.11540793403983116,0.965625
36,70,0.16558445021510124,0.9375
36,80,0.14496181905269623,0.9375
36,90,0.16632793322205544,0.940625
36,100,0.09023651853203773,0.965625
36,110,0.17801683768630028,0.934375
36,120,0.1576119977980852,0.9375
36,130,0.12033446598798037,0.946875
36,140,0.18090959042310714,0.9375
36,150,0.2021939218044281,0.934375
36,160,0.18240304291248322,0.925
36,170,0.20875504314899446,0.9375
36,180,0.18087177947163582,0.934375
36,190,0.1425894096493721,0.94375
36,200,0.1997193567454815,0.934375
36,210,0.21498049646615983,0.91875
36,220,0.17212308645248414,0.953125
36,230,0.16647279374301432,0.946875
36,240,0.1534814855083823,0.959375
36,250,0.14433813635259868,0.95
36,260,0.13820759132504462,0.959375
36,270,0.13655147552490235,0.946875
36,280,0.15958541184663771,0.940625
36,290,0.16093265917152166,0.9375
36,300,0.2071795091032982,0.928125
37,10,0.1401562813669443,0.95625
37,20,0.15861212499439717,0.946875
37,30,0.17161562405526637,0.94375
37,40,0.1537261813879013,0.934375
37,50,0.18602034822106361,0.934375
37,60,0.1399022027850151,0.959375
37,70,0.19135817885398865,0.934375
37,80,0.18819446563720704,0.934375
37,90,0.1590735822916031,0.934375
37,100,0.22561293467879295,0.928125
37,110,0.1488577388226986,0.95
37,120,0.130980921164155,0.946875
37,130,0.1502712655812502,0.946875
37,140,0.16248888932168484,0.946875
37,150,0.14164737984538078,0.953125
37,160,0.1523865431547165,0.940625
37,170,0.17148616313934326,0.928125
37,180,0.17417259626090525,0.9375
37,190,0.15933505073189735,0.95625
37,200,0.14358709715306758,0.95
37,210,0.21966268345713616,0.93125
37,220,0.16157410517334939,0.91875
37,230,0.1370501097291708,0.953125
37,240,0.19620321244001387,0.934375
37,250,0.13953581117093564,0.959375
37,260,0.16249861419200898,0.940625
37,270,0.15232274495065212,0.9375
37,280,0.210784974694252,0.925
37,290,0.17463578395545482,0.925
37,300,0.11333030611276626,0.95625
38,10,0.15557140838354827,0.940625
38,20,0.12216848284006118,0.953125
38,30,0.12877837121486663,0.953125
38,40,0.14941750168800355,0.95
38,50,0.16310976035892963,0.93125
38,60,0.12252630693838,0.959375
38,70,0.09679102431982756,0.9625
38,80,0.16480867229402066,0.93125
38,90,0.14653322100639343,0.946875
38,100,0.18773278892040252,0.940625
38,110,0.1597801513969898,0.94375
38,120,0.13663088921457528,0.95
38,130,0.17004751041531563,0.94375
38,140,0.13426860123872758,0.946875
38,150,0.11141626834869385,0.965625
38,160,0.16405443735420705,0.95
38,170,0.19874085374176503,0.925
38,180,0.12902752067893744,0.95
38,190,0.1784078387543559,0.9375
38,200,0.17533035799860955,0.928125
38,210,0.15255987457931042,0.95
38,220,0.1302657261490822,0.94375
38,230,0.24005192294716834,0.9125
38,240,0.1205892177298665,0.95
38,250,0.1890477951616049,0.94375
38,260,0.19627899825572967,0.940625
38,270,0.1660013236105442,0.934375
38,280,0.14884252715855836,0.940625
38,290,0.11874838210642338,0.9625
38,300,0.1212902881205082,0.95
39,10,0.14684667754918337,0.953125
39,20,0.14021828547120094,0.95
39,30,0.13041460737586022,0.95625
39,40,0.10095034800469875,0.95625
39,50,0.2110036000609398,0.934375
39,60,0.1417554606217891,0.95
39,70,0.15305998176336288,0.95
39,80,0.1177506573498249,0.953125
39,90,0.11192448958754539,0.953125
39,100,0.13389394246041775,0.959375
39,110,0.09910846687853336,0.9625
39,120,0.16811097860336305,0.946875
39,130,0.20251352190971375,0.93125
39,140,0.17238790318369865,0.928125
39,150,0.1518228068947792,0.95
39,160,0.12033369168639182,0.94375
39,170,0.17991646714508533,0.934375
39,180,0.14073603451251984,0.953125
39,190,0.16872619623318313,0.946875
39,200,0.16259173527359963,0.946875
39,210,0.17030821815133096,0.934375
39,220,0.1825209238566458,0.9375
39,230,0.13504371792078018,0.9375
39,240,0.1741139568388462,0.9375
39,250,0.1301261305809021,0.940625
39,260,0.17080765049904584,0.9375
39,270,0.11996098160743714,0.965625
39,280,0.11236335970461368,0.965625
39,290,0.11680411826819181,0.965625
39,300,0.15827935189008713,0.940625
40,10,0.08491703942418098,0.971875
40,20,0.20329621881246568,0.93125
40,30,0.1389360146597028,0.953125
40,40,0.13506174609065055,0.94375
40,50,0.09207012983970345,0.971875
40,60,0.1417432066053152,0.946875
40,70,0.10219119600951672,0.965625
40,80,0.09363507851958275,0.978125
40,90,0.11013785153627395,0.965625
40,100,0.13132836613804102,0.946875
40,110,0.14218392446637154,0.9625
40,120,0.13433297201991082,0.95
40,130,0.13914596512913704,0.946875
40,140,0.1331315219402313,0.95625
40,150,0.15191246047616005,0.9375
40,160,0.15655305627733468,0.940625
40,170,0.16779991202056407,0.93125
40,180,0.12399115227162838,0.959375
40,190,0.19187568463385105,0.91875
40,200,0.153401742503047,0.953125
40,210,0.19977070363238453,0.940625
40,220,0.14535281676799058,0.95625
40,230,0.14968841169029473,0.946875
40,240,0.14382220059633255,0.946875
40,250,0.16383562088012696,0.940625
40,260,0.17332712560892105,0.928125
40,270,0.13583888560533525,0.940625
40,280,0.15558575913310052,0.94375
40,290,0.15523470006883144,0.953125
40,300,0.16738853976130486,0.95
41,10,0.11519175320863724,0.953125
41,20,0.1216985797509551,0.959375
41,30,0.1727122761309147,0.9375
41,40,0.1268185367807746,0.953125
41,50,0.1595103658735752,0.946875
41,60,0.12961308062076568,0.95
41,70,0.12096193488687276,0.95
41,80,0.14031126853078604,0.940625
41,90,0.20234767766669393,0.928125
41,100,0.08733857609331608,0.96875
41,110,0.19012779369950294,0.940625
41,120,0.13900377247482537,0.95
41,130,0.16087510474026204,0.94375
41,140,0.11902262642979622,0.946875
41,150,0.15674035754054785,0.946875
41,160,0.16078925579786302,0.940625
41,170,0.14663828834891318,0.940625
41,180,0.12359898891299963,0.95625
41,190,0.14928663857281207,0.94375
41,200,0.16848720535635947,0.946875
41,210,0.16202781572937966,0.9375
41,220,0.15267982110381126,0.94375
41,230,0.1555502526462078,0.934375
41,240,0.17565771080553533,0.93125
41,250,0.11415623724460602,0.95625
41,260,0.12637387178838252,0.95
41,270,0.11568791922181845,0.959375
41,280,0.14337735259905457,0.959375
41,290,0.15125192049890757,0.953125
41,300,0.18066968340426684,0.940625
42,10,0.13023386634886264,0.965625
42,20,0.19523933213204145,0.934375
42,30,0.12044678926467896,0.971875
42,40,0.07993648629635572,0.971875
42,50,0.1105707861483097,0.959375
42,60,0.14522479586303233,0.953125
42,70,0.09885881496593356,0.965625
42,80,0.1280434962362051,0.953125
42,90,0.14516023434698583,0.940625
42,100,0.09330518953502179,0.96875
42,110,0.0688480019569397,0.971875
42,120,0.14079589247703553,0.934375
42,130,0.15214966237545013,0.946875
42,140,0.15405574291944504,0.953125
42,150,0.1187135960906744,0.96875
42,160,0.11591033712029457,0.959375
42,170,0.12075234912335872,0.95625
42,180,0.10647358689457179,0.95625
42,190,0.19005643092095853,0.925
42,200,0.11471900381147862,0.9625
42,210,0.1315335627645254,0.946875
42,220,0.11957736536860467,0.9625
42,230,0.14717310778796672,0.94375
42,240,0.20844644382596017,0.934375
42,250,0.14811915643513202,0.953125
42,260,0.14050472900271416,0.94375
42,270,0.09978350680321454,0.9625
42,280,0.1325803656131029,0.94375
42,290,0.10679058283567429,0.95625
42,300,0.12347951419651508,0.94375
43,10,0.12226975746452809,0.95625
43,20,0.1543912746012211,0.953125
43,30,0.09073084499686956,0.96875
43,40,0.11505348309874534,0.95
43,50,0.11874426640570164,0.95
43,60,0.11607071068137884,0.953125
43,70,0.09740910604596138,0.965625
43,80,0.11723970770835876,0.95625
43,90,0.1895724754780531,0.93125
43,100,0.1400927983224392,0.959375
43,110,0.13850805312395095,0.953125
43,120,0.12950809635221958,0.94375
43,130,0.1185207424685359,0.953125
43,140,0.13401731736958028,0.953125
43,150,0.10687449276447296,0.959375
43,160,0.15708282962441444,0.940625
43,170,0.13736558929085732,0.953125
43,180,0.12482957746833563,0.95625
43,190,0.13267068583518266,0.959375
43,200,0.143364305049181,0.95625
43,210,0.11143671721220016,0.96875
43,220,0.10295743979513645,0.959375
43,230,0.16885043829679489,0.934375
43,240,0.24876543767750264,0.93125
43,250,0.10580430366098881,0.959375
43,260,0.08975188806653023,0.9625
43,270,0.1149361353367567,0.96875
43,280,0.18098216820508242,0.94375
43,290,0.15494149923324585,0.940625
43,300,0.12871884424239396,0.9625
44,10,0.12920043542981147,0.95
44,20,0.13360180296003818,0.946875
44,30,0.1369220085442066,0.94375
44,40,0.13928988352417945,0.959375
44,50,0.09868518784642219,0.971875
44,60,0.16512323766946793,0.934375
44,70,0.19273773357272148,0.94375
44,80,0.17757946327328683,0.921875
44,90,0.13388776108622552,0.953125
44,100,0.25037400126457215,0.91875
44,110,0.1822448715567589,0.93125
44,120,0.13294075485318899,0.965625
44,130,0.17696051970124244,0.934375
44,140,0.1982831777073443,0.928125
44,150,0.14924742914736272,0.953125
44,160,0.14091887297108768,0.95
44,170,0.14296836089342832,0.953125
44,180,0.13556187115609647,0.95625
44,190,0.15476225242018699,0.946875
44,200,0.11158927250653505,0.953125
44,210,0.15766871236264707,0.9375
44,220,0.09518062453716994,0.975
44,230,0.10359256565570832,0.959375
44,240,0.18422337323427201,0.928125
44,250,0.16654698476195334,0.940625
44,260,0.18113916479051112,0.94375
44,270,0.18391915634274483,0.925
44,280,0.1626084351912141,0.946875
44,290,0.1406980860978365,0.94375
44,300,0.17833502516150473,0.9375
45,10,0.20362040847539903,0.9375
45,20,0.09503133744001388,0.975
45,30,0.1166069082915783,0.965625
45,40,0.10563834123313427,0.965625
45,50,0.14541624523699284,0.95
45,60,0.12571772634983064,0.953125
45,70,0.09892278946936131,0.96875
45,80,0.13705993331968785,0.965625
45,90,0.14382498133927585,0.946875
45,100,0.15702310912311077,0.94375
45,110,0.16224877908825874,0.946875
45,120,0.13271794505417348,0.94375
45,130,0.14292254932224752,0.95
45,140,0.11946978326886892,0.9625
45,150,0.11607684753835201,0.9625
45,160,0.14824928492307662,0.946875
45,170,0.14789146818220616,0.934375
45,180,0.09381865840405226,0.975
45,190,0.13916485831141473,0.946875
45,200,0.15752968117594718,0.940625
45,210,0.12065693102777005,0.95625
45,220,0.1340396383777261,0.95625
45,230,0.1643931832164526,0.93125
45,240,0.12036945354193448,0.95625
45,250,0.09272768087685108,0.9625
45,260,0.09536790028214455,0.965625
45,270,0.10696933837607503,0.95625
45,280,0.14872502349317074,0.959375
45,290,0.09303420055657625,0.965625
45,300,0.08197417436167598,0.971875
46,10,0.1313057486899197,0.946875
46,20,0.10688692014664411,0.953125
46,30,0.11659457311034202,0.959375
46,40,0.08414221629500389,0.96875
46,50,0.09167424272745847,0.971875
46,60,0.08794483132660388,0.971875
46,70,0.08459344059228897,0.98125
46,80,0.10739632435142994,0.9625
46,90,0.14166343240067364,0.940625
46,100,0.13126655407249926,0.95
46,110,0.12599294520914556,0.959375
46,120,0.12286425344645976,0.965625
46,130,0.11708227372728289,0.95625
46,140,0.19057679548859596,0.925
46,150,0.19612009450793266,0.909375
46,160,0.09888684395700693,0.96875
46,170,0.12814100235700607,0.953125
46,180,0.08084017224609852,0.971875
46,190,0.09039441021159292,0.953125
46,200,0.1329568917863071,0.95
46,210,0.08610247392207385,0.965625
46,220,0.10980629660189152,0.95625
46,230,0.1164919045753777,0.971875
46,240,0.06773331575095654,0.971875
46,250,0.13391577787697315,0.953125
46,260,0.10612243739888072,0.95625
46,270,0.14247279511764646,0.965625
46,280,0.11380804833024741,0.965625
46,290,0.1317751608788967,0.94375
46,300,0.10337831676006318,0.95
47,10,0.09568525552749634,0.96875
47,20,0.12668099775910377,0.95625
47,30,0.14909798204898833,0.953125
47,40,0.13101175390183925,0.946875
47,50,0.1114850209094584,0.95
47,60,0.19745623916387559,0.934375
47,70,0.17011162117123604,0.9375
47,80,0.12207940313965082,0.953125
47,90,0.15570144392549992,0.95
47,100,0.12301055639982224,0.94375
47,110,0.1286427229642868,0.946875
47,120,0.09809185359627008,0.971875
47,130,0.11908208020031452,0.95625
47,140,0.08126375991851091,0.978125
47,150,0.10964661538600921,0.9625
47,160,0.10822400115430356,0.946875
47,170,0.132194434851408,0.95
47,180,0.15069350795820355,0.95
47,190,0.12441360130906105,0.95625
47,200,0.17103069368749857,0.940625
47,210,0.1048315405845642,0.9625
47,220,0.15909625068306923,0.946875
47,230,0.09275484159588814,0.96875
47,240,0.1706894539296627,0.94375
47,250,0.15736298114061356,0.946875
47,260,0.16993396840989589,0.94375
47,270,0.10359308067709208,0.9625
47,280,0.1326624593231827,0.959375
47,290,0.14791614562273026,0.946875
47,300,0.11893473472446203,0.95625
48,10,0.09189346078783274,0.959375
48,20,0.09317544773221016,0.971875
48,30,0.10981575772166252,0.9625
48,40,0.11232763677835464,0.953125
48,50,0.08365600043907762,0.959375
48,60,0.13495544819161295,0.95
48,70,0.07681565023958684,0.975
48,80,0.07197655737400055,0.975
48,90,0.14532631114125252,0.9375
48,100,0.14255084544420243,0.94375
48,110,0.13730252906680107,0.946875
48,120,0.08059932235628367,0.96875
48,130,0.17399570234119893,0.940625
48,140,0.13631651662290095,0.953125
48,150,0.16305442973971368,0.946875
48,160,0.12038667500019073,0.95
48,170,0.13282573111355306,0.946875
48,180,0.09289584644138812,0.959375
48,190,0.12011963315308094,0.946875
48,200,0.10515453349798917,0.9625
48,210,0.0950286508537829,0.96875
48,220,0.11520816767588257,0.965625
48,230,0.12862448524683714,0.9625
48,240,0.13374266875907778,0.965625
48,250,0.14727288726717233,0.9375
48,260,0.1080093789845705,0.9625
48,270,0.20670399107038975,0.93125
48,280,0.19718283265829087,0.9375
48,290,0.10691228657960891,0.96875
48,300,0.13164717927575112,0.95
49,10,0.1527191124856472,0.940625
49,20,0.1693865700624883,0.921875
49,30,0.10738949943333864,0.965625
49,40,0.12584978267550467,0.959375
49,50,0.10999987833201885,0.953125
49,60,0.12086404096335172,0.95
49,70,0.1426518402993679,0.94375
49,80,0.13413855731487273,0.95625
49,90,0.08316171569749713,0.975
49,100,0.15507017746567725,0.953125
49,110,0.16119593735784293,0.940625
49,120,0.06786167030222715,0.96875
49,130,0.13067950643599033,0.9375
49,140,0.10643532946705818,0.95625
49,150,0.09366533812135458,0.965625
49,160,0.11490705027244985,0.95
49,170,0.11308631133288145,0.95625
49,180,0.12866853177547455,0.953125
49,190,0.09987445310689509,0.959375
49,200,0.12144597452133894,0.9625
49,210,0.13133788518607617,0.95
49,220,0.10928934682160615,0.9625
49,230,0.10578639172017575,0.9625
49,240,0.07774450276046992,0.96875
49,250,0.16323926197364927,0.940625
49,260,0.10750584900379181,0.959375
49,270,0.17347547505050898,0.946875
49,280,0.1137490727007389,0.965625
49,290,0.1176089521497488,0.953125
49,300,0.1602721307426691,0.940625
