0,10,3.3970169544219972,0.19375
0,20,2.830733585357666,0.3375
0,30,2.666520833969116,0.375
0,40,2.663623046875,0.340625
0,50,2.3968021154403685,0.396875
0,60,2.476446795463562,0.359375
0,70,2.1746039152145387,0.425
0,80,2.149195110797882,0.428125
0,90,1.9979531645774842,0.46875
0,100,1.950567615032196,0.50625
0,110,1.8613270282745362,0.53125
0,120,1.750672745704651,0.54375
0,130,1.7286378026008606,0.55625
0,140,1.688919687271118,0.565625
0,150,1.78193519115448,0.56875
0,160,1.7329421520233155,0.55625
0,170,1.5944396615028382,0.55625
0,180,1.4524195432662963,0.609375
0,190,1.6002702116966248,0.5625
0,200,1.4218366682529449,0.61875
0,210,1.5489786624908448,0.60625
0,220,1.3645198941230774,0.6375
0,230,1.4431310653686524,0.615625
0,240,1.5201577544212341,0.575
0,250,1.248247319459915,0.64375
0,260,1.3707104563713073,0.615625
0,270,1.5505154371261596,0.56875
0,280,1.3453030347824098,0.60625
0,290,1.3527196764945983,0.609375
0,300,1.4040911793708801,0.59375
1,10,1.2835021495819092,0.64375
1,20,1.2587258636951446,0.634375
1,30,1.373342901468277,0.61875
1,40,1.306481808423996,0.64375
1,50,1.2522262692451478,0.646875
1,60,1.1963546395301818,0.659375
1,70,1.1253027260303496,0.70625
1,80,1.2178145170211792,0.634375
1,90,1.335166573524475,0.625
1,100,1.207419490814209,0.678125
1,110,1.1136513471603393,0.70625
1,120,1.1507357716560365,0.665625
1,130,1.1362165987491608,0.71875
1,140,1.3077444434165955,0.625
1,150,1.1705940902233123,0.65625
1,160,1.235601943731308,0.65625
1,170,1.1367626905441284,0.675
1,180,1.1360364735126496,0.68125
1,190,1.2738274395465852,0.64375
1,200,1.169048923254013,0.65625
1,210,1.3470105230808258,0.61875
1,220,1.2923092424869538,0.634375
1,230,1.0759794116020203,0.684375
1,240,0.9979204356670379,0.69375
1,250,1.1768781185150146,0.659375
1,260,1.1083778321743012,0.69375
1,270,1.22789426445961,0.634375
1,280,1.2097157835960388,0.659375
1,290,1.0318027555942535,0.7125
1,300,1.1310485780239106,0.66875
2,10,0.9593651831150055,0.715625
2,20,0.9932745575904847,0.678125
2,30,0.9009985327720642,0.7625
2,40,1.059482741355896,0.675
2,50,0.9794625401496887,0.721875
2,60,0.9425129950046539,0.721875
2,70,0.9948764503002167,0.728125
2,80,0.993186765909195,0.69375
2,90,1.1419194877147674,0.665625
2,100,0.9863543152809143,0.7
2,110,0.858182179927826,0.734375
2,120,1.0036411464214325,0.721875
2,130,0.9752679705619812,0.7375
2,140,0.8539814233779908,0.7375
2,150,0.8817557036876679,0.740625
2,160,0.8537885844707489,0.73125
2,170,0.9153155505657196,0.721875
2,180,0.9571567058563233,0.73125
2,190,0.9954717695713043,0.690625
2,200,1.069498735666275,0.7
2,210,0.8165339827537537,0.73125
2,220,0.8897631704807282,0.709375
2,230,0.9149533152580261,0.734375
2,240,0.8555584192276001,0.76875
2,250,0.8887797474861145,0.75
2,260,1.0511835038661956,0.70625
2,270,0.9688818156719208,0.709375
2,280,1.0811118960380555,0.7
2,290,0.8496481537818908,0.73125
2,300,0.7809936106204987,0.771875
3,10,0.8505742013454437,0.740625
3,20,0.8016759008169174,0.778125
3,30,0.8455143928527832,0.734375
3,40,0.8721194624900818,0.753125
3,50,0.9007074415683747,0.765625
3,60,0.7635962247848511,0.771875
3,70,0.7876692533493042,0.74375
3,80,0.8952131867408752,0.74375
3,90,0.7848578333854676,0.78125
3,100,0.8130163967609405,0.75
3,110,0.7883791387081146,0.771875
3,120,0.8118674457073212,0.765625
3,130,0.675483450293541,0.8125
3,140,0.6627079308032989,0.803125
3,150,0.7406475305557251,0.8
3,160,0.8939404308795929,0.7125
3,170,0.6700076192617417,0.79375
3,180,0.7398900896310806,0.778125
3,190,0.6688877582550049,0.8125
3,200,0.7904093861579895,0.775
3,210,0.8482205331325531,0.740625
3,220,0.6674691528081894,0.7875
3,230,0.7959124505519867,0.74375
3,240,0.8314803212881088,0.759375
3,250,0.777914297580719,0.78125
3,260,0.8598905891180039,0.7375
3,270,0.7388265043497085,0.76875
3,280,0.7334740221500397,0.76875
3,290,0.7026155322790146,0.778125
3,300,0.7924229830503464,0.76875
4,10,0.6974796921014785,0.7875
4,20,0.6760501056909561,0.796875
4,30,0.805574306845665,0.7625
4,40,0.8375156402587891,0.746875
4,50,0.7267814546823501,0.790625
4,60,0.7479507446289062,0.759375
4,70,0.6994160145521164,0.79375
4,80,0.7744856834411621,0.753125
4,90,0.5099893271923065,0.846875
4,100,0.720601636171341,0.796875
4,110,0.677056285738945,0.8
4,120,0.7666110187768936,0.784375
4,130,0.6245596826076507,0.796875
4,140,0.6021729946136475,0.809375
4,150,0.7824490129947662,0.76875
4,160,0.8399900197982788,0.75
4,170,0.742598831653595,0.765625
4,180,0.7139233738183975,0.778125
4,190,0.6677459180355072,0.796875
4,200,0.7527096986770629,0.759375
4,210,0.7809154033660889,0.725
4,220,0.7324335634708404,0.771875
4,230,0.8488713085651398,0.746875
4,240,0.78822620511055,0.78125
4,250,0.6834556698799134,0.79375
4,260,0.8065770417451859,0.7875
4,270,0.8090328007936478,0.759375
4,280,0.753955391049385,0.7625
4,290,0.6826787412166595,0.7875
4,300,0.7695087492465973,0.775
5,10,0.7162325739860534,0.7625
5,20,0.6294282674789429,0.784375
5,30,0.714726597070694,0.796875
5,40,0.6518135845661164,0.825
5,50,0.6994370520114899,0.778125
5,60,0.6634536921977997,0.8
5,70,0.7755713880062103,0.76875
5,80,0.6477295100688935,0.821875
5,90,0.577961377799511,0.84375
5,100,0.6823078602552414,0.8125
5,110,0.6494118243455886,0.79375
5,120,0.7109196305274963,0.79375
5,130,0.767882663011551,0.7625
5,140,0.6782337695360183,0.778125
5,150,0.6041527926921845,0.8125
5,160,0.7714086771011353,0.746875
5,170,0.6151454448699951,0.80625
5,180,0.6783817172050476,0.803125
5,190,0.7801778137683868,0.7625
5,200,0.6039028733968734,0.8125
5,210,0.6269516617059707,0.784375
5,220,0.6091806918382645,0.796875
5,230,0.614231088757515,0.828125
5,240,0.5788742214441299,0.840625
5,250,0.5289649933576583,0.85
5,260,0.6524560242891312,0.821875
5,270,0.6870958000421524,0.790625
5,280,0.6318250715732574,0.828125
5,290,0.5119151636958122,0.853125
5,300,0.6041312664747238,0.8375
6,10,0.5287771388888359,0.840625
6,20,0.5211475670337677,0.834375
6,30,0.5305267810821533,0.8375
6,40,0.5765825867652893,0.828125
6,50,0.6908528715372085,0.78125
6,60,0.5043160945177079,0.83125
6,70,0.5871611118316651,0.83125
6,80,0.5585955798625946,0.828125
6,90,0.6118155121803284,0.834375
6,100,0.6473750486969948,0.8
6,110,0.6260419458150863,0.81875
6,120,0.5966553002595901,0.80625
6,130,0.6381288409233093,0.809375
6,140,0.5296836078166962,0.828125
6,150,0.5089250981807709,0.86875
6,160,0.49712384343147276,0.853125
6,170,0.6371027082204819,0.80625
6,180,0.5995232403278351,0.8
6,190,0.5207180857658387,0.853125
6,200,0.5451474040746689,0.83125
6,210,0.5266011089086533,0.83125
6,220,0.5349420934915543,0.85
6,230,0.5342882663011551,0.834375
6,240,0.6535399407148361,0.803125
6,250,0.6401959836483002,0.79375
6,260,0.6357071027159691,0.825
6,270,0.6168492555618286,0.809375
6,280,0.6997503936290741,0.76875
6,290,0.7705985933542252,0.76875
6,300,0.5664005100727081,0.825
7,10,0.45032762587070463,0.84375
7,20,0.5075534641742706,0.840625
7,30,0.555512721836567,0.821875
7,40,0.4359626412391663,0.8625
7,50,0.6067614004015922,0.828125
7,60,0.5712295651435852,0.815625
7,70,0.5352609544992447,0.83125
7,80,0.540301901102066,0.815625
7,90,0.565621754527092,0.840625
7,100,0.6096537679433822,0.834375
7,110,0.5775091409683227,0.846875
7,120,0.5287542760372161,0.83125
7,130,0.6012749165296555,0.8125
7,140,0.652115336060524,0.796875
7,150,0.5917335122823715,0.815625
7,160,0.6320673733949661,0.8125
7,170,0.5060932606458663,0.853125
7,180,0.4711703658103943,0.859375
7,190,0.5575323939323426,0.828125
7,200,0.6305901646614075,0.778125
7,210,0.5650216639041901,0.815625
7,220,0.6701869934797287,0.775
7,230,0.6403871446847915,0.8125
7,240,0.5209346294403077,0.821875
7,250,0.5568420551717281,0.825
7,260,0.4935221791267395,0.84375
7,270,0.625575840473175,0.815625
7,280,0.4945301949977875,0.84375
7,290,0.6066161453723907,0.809375
7,300,0.4944337040185928,0.834375
8,10,0.5817253679037094,0.784375
8,20,0.46483577489852906,0.815625
8,30,0.46106723248958587,0.865625
8,40,0.5082994312047958,0.834375
8,50,0.5885463893413544,0.828125
8,60,0.6555688649415969,0.809375
8,70,0.4856880947947502,0.85
8,80,0.45850909799337386,0.865625
8,90,0.43846680521965026,0.875
8,100,0.5788497686386108,0.840625
8,110,0.5086193442344665,0.8375
8,120,0.5605960845947265,0.825
8,130,0.4617804288864136,0.853125
8,140,0.4914921849966049,0.834375
8,150,0.5480246186256409,0.809375
8,160,0.45847746133804324,0.8625
8,170,0.5104179099202156,0.871875
8,180,0.4744583934545517,0.85
8,190,0.534529522061348,0.834375
8,200,0.503562331199646,0.834375
8,210,0.5351749062538147,0.8375
8,220,0.43935709446668625,0.8625
8,230,0.5094362616539001,0.85625
8,240,0.5222634881734848,0.815625
8,250,0.4986700415611267,0.81875
8,260,0.5112472414970398,0.85625
8,270,0.5215554386377335,0.821875
8,280,0.6384373664855957,0.8125
8,290,0.6136692345142365,0.803125
8,300,0.594563466310501,0.81875
9,10,0.47140667140483855,0.834375
9,20,0.4584341496229172,0.840625
9,30,0.5028750240802765,0.840625
9,40,0.5135840266942978,0.828125
9,50,0.468347342312336,0.84375
9,60,0.4226217657327652,0.86875
9,70,0.5445379674434662,0.828125
9,80,0.4538352847099304,0.859375
9,90,0.5500134423375129,0.825
9,100,0.5203750818967819,0.80625
9,110,0.41955325901508334,0.878125
9,120,0.5515343546867371,0.825
9,130,0.5342383027076721,0.840625
9,140,0.49718023240566256,0.86875
9,150,0.5504230231046676,0.821875
9,160,0.5634918510913849,0.815625
9,170,0.5017613589763641,0.83125
9,180,0.5409671992063523,0.8125
9,190,0.4850017994642258,0.853125
9,200,0.4594618260860443,0.846875
9,210,0.4750441461801529,0.84375
9,220,0.5358431801199913,0.8375
9,230,0.594271770119667,0.796875
9,240,0.5058421313762664,0.846875
9,250,0.4404365301132202,0.86875
9,260,0.6013517618179322,0.809375
9,270,0.531885826587677,0.834375
9,280,0.507926145195961,0.85625
9,290,0.5186622023582459,0.834375
9,300,0.5518492341041565,0.83125
10,10,0.3917012482881546,0.85625
10,20,0.5871465742588043,0.80625
10,30,0.43452281653881075,0.853125
10,40,0.4629132643342018,0.875
10,50,0.4928965248167515,0.821875
10,60,0.4398943901062012,0.865625
10,70,0.5530636414885521,0.821875
10,80,0.46149381101131437,0.85625
10,90,0.3896080508828163,0.903125
10,100,0.4476436212658882,0.859375
10,110,0.414669531583786,0.85
10,120,0.5080926865339279,0.834375
10,130,0.5163273334503173,0.8375
10,140,0.5333212822675705,0.8375
10,150,0.36173236817121507,0.871875
10,160,0.42203632593154905,0.884375
10,170,0.5037817686796189,0.853125
10,180,0.3857417583465576,0.896875
10,190,0.41848604530096056,0.865625
10,200,0.5057758331298828,0.85625
10,210,0.5049973368644715,0.834375
10,220,0.5267808228731156,0.828125
10,230,0.4332017481327057,0.859375
10,240,0.45885309725999834,0.871875
10,250,0.5101622134447098,0.84375
10,260,0.3951380416750908,0.89375
10,270,0.38300400227308273,0.89375
10,280,0.39843842908740046,0.903125
10,290,0.4241956859827042,0.84375
10,300,0.40007963627576826,0.8625
11,10,0.2801569029688835,0.9125
11,20,0.3769011229276657,0.8875
11,30,0.42632977217435836,0.871875
11,40,0.3617021799087524,0.89375
11,50,0.406270295381546,0.865625
11,60,0.5289946109056473,0.821875
11,70,0.4508149206638336,0.853125
11,80,0.46714803874492644,0.846875
11,90,0.497842313349247,0.83125
11,100,0.5151348486542702,0.840625
11,110,0.42024042308330534,0.865625
11,120,0.3880131050944328,0.878125
11,130,0.4717744618654251,0.821875
11,140,0.47821544855833054,0.85
11,150,0.4424125269055367,0.8625
11,160,0.4558957278728485,0.85625
11,170,0.4504564881324768,0.84375
11,180,0.501264862716198,0.840625
11,190,0.51299389898777,0.834375
11,200,0.5645246103405952,0.84375
11,210,0.46628656089305875,0.834375
11,220,0.33965854793787004,0.875
11,230,0.41782832741737364,0.88125
11,240,0.44311157166957854,0.8625
11,250,0.42895111739635466,0.8625
11,260,0.4264000505208969,0.853125
11,270,0.47041569128632543,0.85625
11,280,0.4601275220513344,0.84375
11,290,0.4833825185894966,0.834375
11,300,0.42154095470905306,0.859375
12,10,0.35132579505443573,0.86875
12,20,0.42578158974647523,0.8875
12,30,0.358785954117775,0.88125
12,40,0.3656782940030098,0.89375
12,50,0.35482264310121536,0.878125
12,60,0.3802809864282608,0.86875
12,70,0.4238005757331848,0.853125
12,80,0.4281552225351334,0.865625
12,90,0.40005565881729127,0.878125
12,100,0.3921060409396887,0.884375
12,110,0.5562354072928428,0.834375
12,120,0.4311069995164871,0.865625
12,130,0.3692314147949219,0.875
12,140,0.3251196682453156,0.89375
12,150,0.427893240749836,0.865625
12,160,0.36508541405200956,0.884375
12,170,0.41306004896759985,0.85625
12,180,0.3966399520635605,0.86875
12,190,0.5773231714963913,0.8125
12,200,0.41193588972091677,0.8625
12,210,0.4373903125524521,0.85
12,220,0.4699520319700241,0.825
12,230,0.35411076694726945,0.8875
12,240,0.4246624454855919,0.865625
12,250,0.5255582630634308,0.853125
12,260,0.4438189595937729,0.859375
12,270,0.5074933767318726,0.825
12,280,0.4703725591301918,0.84375
12,290,0.389083968102932,0.86875
12,300,0.4992252364754677,0.834375
13,10,0.36348759680986403,0.871875
13,20,0.48443651795387266,0.825
13,30,0.38491365164518354,0.88125
13,40,0.37648897543549537,0.890625
13,50,0.3006059229373932,0.903125
13,60,0.3755667507648468,0.878125
13,70,0.45846804082393644,0.86875
13,80,0.3893035128712654,0.88125
13,90,0.37181558310985563,0.890625
13,100,0.3778191223740578,0.878125
13,110,0.48815045803785323,0.85625
13,120,0.3773484632372856,0.88125
13,130,0.36006820350885393,0.88125
13,140,0.4131766095757484,0.853125
13,150,0.45575066953897475,0.865625
13,160,0.4299702890217304,0.86875
13,170,0.3716538831591606,0.878125
13,180,0.3304715171456337,0.89375
13,190,0.3411627262830734,0.896875
13,200,0.43948623538017273,0.86875
13,210,0.32071099281311033,0.884375
13,220,0.4386847630143166,0.8625
13,230,0.4003058299422264,0.853125
13,240,0.4005477800965309,0.8625
13,250,0.45541907101869583,0.865625
13,260,0.3806503012776375,0.875
13,270,0.34828057661652567,0.896875
13,280,0.38960849195718766,0.865625
13,290,0.3854996100068092,0.85625
13,300,0.40659493803977964,0.85625
14,10,0.3860887698829174,0.878125
14,20,0.32397953122854234,0.884375
14,30,0.3166271559894085,0.90625
14,40,0.34313697889447214,0.871875
14,50,0.4025877594947815,0.8625
14,60,0.4431063339114189,0.83125
14,70,0.3993775755167007,0.871875
14,80,0.4430421099066734,0.85625
14,90,0.4225856751203537,0.859375
14,100,0.3968184307217598,0.8625
14,110,0.3988560542464256,0.871875
14,120,0.320039176940918,0.9
14,130,0.38989847153425217,0.8625
14,140,0.43645963817834854,0.85
14,150,0.32187324911355975,0.86875
14,160,0.3267087608575821,0.88125
14,170,0.3403550207614899,0.88125
14,180,0.42326179295778277,0.8625
14,190,0.43517507016658785,0.85625
14,200,0.45840440690517426,0.840625
14,210,0.46702878177165985,0.8625
14,220,0.3945334583520889,0.875
14,230,0.42236425876617434,0.88125
14,240,0.35529728084802625,0.88125
14,250,0.35305994376540184,0.875
14,260,0.4537641853094101,0.8625
14,270,0.4302425779402256,0.878125
14,280,0.38365974128246305,0.88125
14,290,0.2976968489587307,0.90625
14,300,0.3674632668495178,0.8875
15,10,0.38091680258512495,0.89375
15,20,0.374220634996891,0.875
15,30,0.45979870706796644,0.85625
15,40,0.40907965004444125,0.871875
15,50,0.3695106655359268,0.8625
15,60,0.3255801036953926,0.878125
15,70,0.3915108725428581,0.86875
15,80,0.3202705249190331,0.890625
15,90,0.35745609402656553,0.875
15,100,0.37515649721026423,0.88125
15,110,0.35835669189691544,0.884375
15,120,0.38252665251493456,0.86875
15,130,0.38763603419065473,0.86875
15,140,0.3060464456677437,0.88125
15,150,0.32932693511247635,0.878125
15,160,0.3711229458451271,0.878125
15,170,0.3928729236125946,0.871875
15,180,0.29154242649674417,0.90625
15,190,0.40820289105176927,0.865625
15,200,0.3738155856728554,0.89375
15,210,0.3885660216212273,0.86875
15,220,0.35440613925457,0.86875
15,230,0.4399143844842911,0.840625
15,240,0.41093114465475084,0.86875
15,250,0.3675265610218048,0.875
15,260,0.3221456065773964,0.896875
15,270,0.34640328884124755,0.896875
15,280,0.3618298605084419,0.8875
15,290,0.425979933142662,0.878125
15,300,0.34907284528017046,0.884375
16,10,0.38455303460359574,0.878125
16,20,0.3418560191988945,0.8625
16,30,0.4345402270555496,0.853125
16,40,0.33108795881271363,0.896875
16,50,0.3569659382104874,0.871875
16,60,0.3862779900431633,0.86875
16,70,0.31108983010053637,0.88125
16,80,0.3182032346725464,0.90625
16,90,0.26931998133659363,0.915625
16,100,0.3417546942830086,0.896875
16,110,0.3590132430195808,0.878125
16,120,0.3262456089258194,0.875
16,130,0.3799298033118248,0.8875
16,140,0.32009167820215223,0.88125
16,150,0.40988241508603096,0.859375
16,160,0.4251364812254906,0.85
16,170,0.4321882203221321,0.85
16,180,0.40264262855052946,0.853125
16,190,0.3708920285105705,0.871875
16,200,0.28311759158968924,0.915625
16,210,0.3251391462981701,0.89375
16,220,0.4144313305616379,0.871875
16,230,0.4017768457531929,0.8625
16,240,0.32294925302267075,0.9125
16,250,0.28396241515874865,0.884375
16,260,0.41707318276166916,0.875
16,270,0.2992445915937424,0.91875
16,280,0.30602399036288264,0.89375
16,290,0.30805880278348924,0.915625
16,300,0.33070783615112304,0.9
17,10,0.2828757241368294,0.9
17,20,0.3100839629769325,0.903125
17,30,0.27821007966995237,0.90625
17,40,0.44295274168252946,0.85
17,50,0.3053986795246601,0.896875
17,60,0.29985479563474654,0.90625
17,70,0.3971606716513634,0.878125
17,80,0.41576342582702636,0.859375
17,90,0.34741526916623117,0.871875
17,100,0.29314849376678465,0.9125
17,110,0.33922278881073,0.878125
17,120,0.36093355566263197,0.896875
17,130,0.3943621054291725,0.875
17,140,0.3479020789265633,0.859375
17,150,0.3023113802075386,0.890625
17,160,0.33089690282940865,0.865625
17,170,0.32029677256941796,0.8875
17,180,0.3836959972977638,0.878125
17,190,0.38464370369911194,0.865625
17,200,0.3709156051278114,0.85625
17,210,0.4184159398078918,0.878125
17,220,0.3748653307557106,0.86875
17,230,0.3399652153253555,0.903125
17,240,0.35280470699071886,0.86875
17,250,0.3846028283238411,0.890625
17,260,0.29162381365895274,0.9
17,270,0.4524229817092419,0.884375
17,280,0.33443980365991594,0.903125
17,290,0.31266089230775834,0.909375
17,300,0.2939047709107399,0.921875
18,10,0.2647031344473362,0.90625
18,20,0.3647075891494751,0.875
18,30,0.31619689613580704,0.90625
18,40,0.3355936996638775,0.896875
18,50,0.24737066105008126,0.915625
18,60,0.2848197191953659,0.909375
18,70,0.34481498450040815,0.9
18,80,0.3281861737370491,0.88125
18,90,0.40636452883481977,0.86875
18,100,0.2912114024162292,0.89375
18,110,0.36680719405412676,0.878125
18,120,0.33555691987276076,0.8875
18,130,0.40220452547073365,0.85625
18,140,0.3436457358300686,0.853125
18,150,0.31163123846054075,0.909375
18,160,0.3127993032336235,0.89375
18,170,0.35443229377269747,0.871875
18,180,0.31629468500614166,0.909375
18,190,0.294185596704483,0.909375
18,200,0.24531529545783998,0.90625
18,210,0.3377924844622612,0.871875
18,220,0.32369153797626493,0.890625
18,230,0.394882595539093,0.865625
18,240,0.3839265376329422,0.86875
18,250,0.3881943240761757,0.86875
18,260,0.3941708609461784,0.88125
18,270,0.3102508828043938,0.88125
18,280,0.32436971366405487,0.884375
18,290,0.2717591866850853,0.9125
18,300,0.3392046794295311,0.88125
19,10,0.24056469202041625,0.925
19,20,0.26206264793872835,0.91875
19,30,0.3537174269556999,0.878125
19,40,0.26911126971244814,0.9125
19,50,0.25720431208610534,0.9125
19,60,0.263798426091671,0.915625
19,70,0.3099588766694069,0.896875
19,80,0.3426110833883286,0.88125
19,90,0.4432650119066238,0.85625
19,100,0.2700852893292904,0.90625
19,110,0.35549296438694,0.871875
19,120,0.3343680024147034,0.903125
19,130,0.291964502632618,0.896875
19,140,0.29514757841825484,0.90625
19,150,0.39169684797525406,0.875
19,160,0.36457249373197553,0.875
19,170,0.33341088593006135,0.9125
19,180,0.30050247609615327,0.903125
19,190,0.30656986907124517,0.915625
19,200,0.21917206794023514,0.928125
19,210,0.26807318776845934,0.909375
19,220,0.257421500608325,0.928125
19,230,0.3178416609764099,0.878125
19,240,0.2232662696391344,0.928125
19,250,0.33401402533054353,0.884375
19,260,0.3316746771335602,0.875
19,270,0.2927722200751305,0.903125
19,280,0.4377972066402435,0.871875
19,290,0.3088164359331131,0.890625
19,300,0.38081090450286864,0.884375
20,10,0.30600560307502744,0.903125
20,20,0.22931924909353257,0.940625
20,30,0.32231333255767824,0.90625
20,40,0.32343851774930954,0.896875
20,50,0.27355974316596987,0.896875
20,60,0.3628213480114937,0.89375
20,70,0.28949918895959853,0.921875
20,80,0.27365046739578247,0.909375
20,90,0.33485608249902726,0.90625
20,100,0.28148224055767057,0.9
20,110,0.3190753638744354,0.890625
20,120,0.3433766312897205,0.896875
20,130,0.3077638901770115,0.890625
20,140,0.24202138930559158,0.928125
20,150,0.36755802631378176,0.88125
20,160,0.25153071656823156,0.915625
20,170,0.3161425366997719,0.90625
20,180,0.3018173187971115,0.890625
20,190,0.23177242316305638,0.915625
20,200,0.33147530630230904,0.8875
20,210,0.35640968531370165,0.8875
20,220,0.2439490258693695,0.91875
20,230,0.3217864766716957,0.878125
20,240,0.2989318773150444,0.903125
20,250,0.2709312058985233,0.896875
20,260,0.29413085654377935,0.89375
20,270,0.32901777923107145,0.89375
20,280,0.3875044614076614,0.86875
20,290,0.30771305710077285,0.9125
20,300,0.3347684919834137,0.875
21,10,0.2862898975610733,0.896875
21,20,0.2332696720957756,0.93125
21,30,0.2766541734337807,0.896875
21,40,0.2557677738368511,0.915625
21,50,0.2437912866473198,0.9
21,60,0.34041936695575714,0.859375
21,70,0.30127843022346495,0.896875
21,80,0.2959414184093475,0.903125
21,90,0.2866168588399887,0.9125
21,100,0.25445985794067383,0.928125
21,110,0.2847780823707581,0.88125
21,120,0.38355378806591034,0.871875
21,130,0.3983188733458519,0.88125
21,140,0.36984131783246993,0.871875
21,150,0.29619312286376953,0.91875
21,160,0.33645463138818743,0.890625
21,170,0.29322891011834146,0.9125
21,180,0.37200555205345154,0.896875
21,190,0.3428565613925457,0.86875
21,200,0.2099059633910656,0.93125
21,210,0.32005327194929123,0.890625
21,220,0.3237503066658974,0.890625
21,230,0.3168718062341213,0.9
21,240,0.3368345946073532,0.90625
21,250,0.29645262062549593,0.90625
21,260,0.21205632649362088,0.928125
21,270,0.28265501409769056,0.90625
21,280,0.2527550682425499,0.90625
21,290,0.3218937128782272,0.875
21,300,0.2848700642585754,0.9
22,10,0.2984623372554779,0.890625
22,20,0.24028961658477782,0.93125
22,30,0.24261681735515594,0.9
22,40,0.2770796440541744,0.90625
22,50,0.3359412312507629,0.9
22,60,0.3094137914478779,0.909375
22,70,0.31689032167196274,0.8875
22,80,0.4085828274488449,0.86875
22,90,0.3876905232667923,0.865625
22,100,0.37146902084350586,0.875
22,110,0.38578769862651824,0.865625
22,120,0.30279249846935274,0.9125
22,130,0.28593398705124856,0.903125
22,140,0.24813406988978387,0.91875
22,150,0.29875250309705736,0.884375
22,160,0.2561656452715397,0.93125
22,170,0.3329949572682381,0.88125
22,180,0.23988269492983819,0.921875
22,190,0.25876657366752626,0.9125
22,200,0.29505968615412714,0.89375
22,210,0.3160785585641861,0.8875
22,220,0.27048623859882354,0.896875
22,230,0.26500063166022303,0.91875
22,240,0.3452218592166901,0.89375
22,250,0.26077139265835286,0.903125
22,260,0.3347134098410606,0.8875
22,270,0.32388115376234056,0.909375
22,280,0.2892825290560722,0.9
22,290,0.3390138730406761,0.875
22,300,0.3822769671678543,0.859375
23,10,0.26302659660577776,0.890625
23,20,0.27094748988747597,0.9
23,30,0.3157640054821968,0.89375
23,40,0.2860388718545437,0.884375
23,50,0.2760796993970871,0.903125
23,60,0.2906896464526653,0.903125
23,70,0.3074961468577385,0.903125
23,80,0.2985563352704048,0.90625
23,90,0.2889513552188873,0.909375
23,100,0.30265835374593736,0.896875
23,110,0.319395412504673,0.884375
23,120,0.22898030057549476,0.91875
23,130,0.23460147455334662,0.925
23,140,0.23386782854795457,0.925
23,150,0.29952808022499083,0.896875
23,160,0.2992091208696365,0.884375
23,170,0.24922808967530727,0.925
23,180,0.27476763650774955,0.9
23,190,0.19531570449471475,0.95
23,200,0.24402414858341218,0.9125
23,210,0.29016030579805374,0.8875
23,220,0.20053105503320695,0.91875
23,230,0.3140279948711395,0.903125
23,240,0.25889467969536784,0.909375
23,250,0.3214262962341309,0.896875
23,260,0.24157982245087622,0.915625
23,270,0.2938442565500736,0.903125
23,280,0.303637632727623,0.8875
23,290,0.2742365226149559,0.90625
23,300,0.2878598980605602,0.903125
24,10,0.3407896637916565,0.8875
24,20,0.2700827352702618,0.903125
24,30,0.23056561015546323,0.925
24,40,0.2673672758042812,0.90625
24,50,0.32059882283210756,0.90625
24,60,0.3131247475743294,0.89375
24,70,0.2755285054445267,0.9125
24,80,0.3365201413631439,0.903125
24,90,0.3201306194067001,0.9
24,100,0.2694277413189411,0.90625
24,110,0.30025136731565,0.896875
24,120,0.2933425694704056,0.89375
24,130,0.2124313861131668,0.928125
24,140,0.26685726791620257,0.903125
24,150,0.23108881562948227,0.934375
24,160,0.2896256446838379,0.903125
24,170,0.30544238835573195,0.896875
24,180,0.25249311327934265,0.909375
24,190,0.2585089437663555,0.925
24,200,0.28904509618878366,0.903125
24,210,0.26438663303852084,0.9125
24,220,0.18454412445425988,0.9375
24,230,0.2816916801035404,0.90625
24,240,0.24323729276657105,0.925
24,250,0.24873860627412797,0.9125
24,260,0.33329650238156316,0.88125
24,270,0.2863165963441133,0.89375
24,280,0.3281148813664913,0.89375
24,290,0.2725747376680374,0.9
24,300,0.24867606461048125,0.915625
25,10,0.2513834543526173,0.9125
25,20,0.19558352306485177,0.9375
25,30,0.19523329362273217,0.925
25,40,0.2538244679570198,0.909375
25,50,0.17878790572285652,0.95
25,60,0.2601232178509235,0.90625
25,70,0.2184118814766407,0.9375
25,80,0.20286765396595002,0.940625
25,90,0.27439853698015215,0.9
25,100,0.23185798525810242,0.9375
25,110,0.20466552078723907,0.928125
25,120,0.25191664807498454,0.91875
25,130,0.2672734662890434,0.909375
25,140,0.25261493884027003,0.915625
25,150,0.20728283300995826,0.928125
25,160,0.28193954899907114,0.8875
25,170,0.30001040622591973,0.89375
25,180,0.15368281304836273,0.94375
25,190,0.2612134777009487,0.91875
25,200,0.2468063324689865,0.925
25,210,0.19798402190208436,0.93125
25,220,0.2926965944468975,0.890625
25,230,0.31370519697666166,0.909375
25,240,0.22917777597904204,0.915625
25,250,0.3646711602807045,0.878125
25,260,0.2526267431676388,0.909375
25,270,0.2581034146249294,0.915625
25,280,0.2875629782676697,0.909375
25,290,0.2252517007291317,0.928125
25,300,0.3038594886660576,0.90625
26,10,0.21541643813252448,0.909375
26,20,0.26940375566482544,0.9
26,30,0.20325399115681647,0.925
26,40,0.2202513597905636,0.921875
26,50,0.2015256963670254,0.928125
26,60,0.25904222428798673,0.90625
26,70,0.24128530248999597,0.915625
26,80,0.2698327675461769,0.903125
26,90,0.25244136825203894,0.909375
26,100,0.2307598151266575,0.928125
26,110,0.28511397913098335,0.89375
26,120,0.31322808787226675,0.88125
26,130,0.22871918901801108,0.909375
26,140,0.2865202710032463,0.89375
26,150,0.2678241565823555,0.91875
26,160,0.1983688145875931,0.940625
26,170,0.20974667966365815,0.928125
26,180,0.25833235383033754,0.915625
26,190,0.26637150049209596,0.9125
26,200,0.1780117753893137,0.95
26,210,0.2489906720817089,0.934375
26,220,0.21933077722787858,0.921875
26,230,0.21150181032717227,0.925
26,240,0.29313329234719276,0.890625
26,250,0.2557199917733669,0.921875
26,260,0.22032095566391946,0.928125
26,270,0.24947086796164514,0.909375
26,280,0.26928585320711135,0.925
26,290,0.20817411318421364,0.9375
26,300,0.29097035676240923,0.896875
27,10,0.24967086017131807,0.9125
27,20,0.24161719270050525,0.915625
27,30,0.23354751318693162,0.91875
27,40,0.2424935180693865,0.934375
27,50,0.2211848497390747,0.934375
27,60,0.1911810778081417,0.9375
27,70,0.3135013908147812,0.8875
27,80,0.20052462667226792,0.94375
27,90,0.30395517796278,0.878125
27,100,0.3397200614213943,0.875
27,110,0.30109186470508575,0.89375
27,120,0.19296425506472586,0.946875
27,130,0.3566026896238327,0.884375
27,140,0.2660510741174221,0.909375
27,150,0.214178978651762,0.921875
27,160,0.25036436691880226,0.9125
27,170,0.20200087130069733,0.909375
27,180,0.27812495008111,0.909375
27,190,0.24646311216056346,0.909375
27,200,0.26482529416680334,0.9125
27,210,0.21821799576282502,0.909375
27,220,0.24378009364008904,0.928125
27,230,0.24080649986863137,0.93125
27,240,0.2846829995512962,0.903125
27,250,0.22317448258399963,0.915625
27,260,0.27520812302827835,0.903125
27,270,0.2362971931695938,0.934375
27,280,0.2336555004119873,0.915625
27,290,0.2952174246311188,0.896875
27,300,0.2557093746960163,0.896875
28,10,0.23975441753864288,0.925
28,20,0.29453722909092905,0.8875
28,30,0.242097932100296,0.909375
28,40,0.24078429937362672,0.90625
28,50,0.2638866789638996,0.91875
28,60,0.18476639054715632,0.9375
28,70,0.26723468229174613,0.896875
28,80,0.25704772770404816,0.9125
28,90,0.32259362041950224,0.89375
28,100,0.20634238980710506,0.934375
28,110,0.24645785056054592,0.9125
28,120,0.2552118204534054,0.921875
28,130,0.23717527389526366,0.9125
28,140,0.21613870263099672,0.934375
28,150,0.24042675271630287,0.921875
28,160,0.25258039608597754,0.9125
28,170,0.2371313501149416,0.91875
28,180,0.15809688195586205,0.959375
28,190,0.19780054986476897,0.925
28,200,0.20492917373776437,0.93125
28,210,0.22269012182950973,0.93125
28,220,0.2986072987318039,0.890625
28,230,0.2764915481209755,0.9125
28,240,0.27582951486110685,0.9
28,250,0.27888563722372056,0.909375
28,260,0.1732541836798191,0.9375
28,270,0.20023251175880433,0.921875
28,280,0.29863201305270193,0.9
28,290,0.3186442717909813,0.90625
28,300,0.1926795843988657,0.93125
29,10,0.23218067064881326,0.921875
29,20,0.2248500980436802,0.925
29,30,0.23784390836954117,0.91875
29,40,0.2608094111084938,0.903125
29,50,0.18816204220056534,0.925
29,60,0.1886170983314514,0.925
29,70,0.24862010776996613,0.91875
29,80,0.176742847263813,0.95
29,90,0.28870436921715736,0.903125
29,100,0.20108265914022921,0.93125
29,110,0.168905371427536,0.94375
29,120,0.20823919475078584,0.9375
29,130,0.23834007997065781,0.921875
29,140,0.26474465876817704,0.90625
29,150,0.25234204679727557,0.9125
29,160,0.17785266190767288,0.95
29,170,0.2370740681886673,0.9125
29,180,0.26431671231985093,0.921875
29,190,0.1528986006975174,0.953125
29,200,0.22737081944942475,0.93125
29,210,0.18677159324288367,0.9375
29,220,0.2313231721520424,0.928125
29,230,0.18763510920107365,0.93125
29,240,0.25175733789801596,0.921875
29,250,0.2471200130879879,0.90625
29,260,0.2796164691448212,0.9
29,270,0.2567971795797348,0.93125
29,280,0.1961334142833948,0.93125
29,290,0.20238513574004174,0.93125
29,300,0.2042224954813719,0.91875
30,10,0.2379960983991623,0.91875
30,20,0.21859797053039073,0.925
30,30,0.2832039877772331,0.903125
30,40,0.21183676309883595,0.9375
30,50,0.23053963407874106,0.91875
30,60,0.18412394002079963,0.9125
30,70,0.18730560578405858,0.9375
30,80,0.18655470460653306,0.934375
30,90,0.18155494779348375,0.953125
30,100,0.2604565367102623,0.903125
30,110,0.28869580700993536,0.903125
30,120,0.20961829051375389,0.921875
30,130,0.29054984673857687,0.896875
30,140,0.31709924936294553,0.890625
30,150,0.21027827039361,0.934375
30,160,0.2995040401816368,0.8875
30,170,0.23583495393395423,0.90625
30,180,0.18262361213564873,0.934375
30,190,0.16649770885705947,0.940625
30,200,0.2267373740673065,0.940625
30,210,0.2846566714346409,0.9
30,220,0.222883965075016,0.934375
30,230,0.24177530854940416,0.921875
30,240,0.2793086960911751,0.93125
30,250,0.2207717552781105,0.915625
30,260,0.19545076414942741,0.921875
30,270,0.25896175727248194,0.903125
30,280,0.24677616953849793,0.890625
30,290,0.27593390345573426,0.909375
30,300,0.36010438948869705,0.896875
31,10,0.17391813844442366,0.940625
31,20,0.22943734228610993,0.90625
31,30,0.2331642709672451,0.928125
31,40,0.2507197640836239,0.921875
31,50,0.282987854629755,0.9
31,60,0.28873711824417114,0.90625
31,70,0.18988724425435066,0.93125
31,80,0.23042902462184428,0.91875
31,90,0.19984961822628974,0.925
31,100,0.19307137914001943,0.934375
31,110,0.2411259926855564,0.915625
31,120,0.15968657284975052,0.934375
31,130,0.2424137182533741,0.925
31,140,0.23308634981513024,0.915625
31,150,0.15742125622928144,0.953125
31,160,0.21389856822788716,0.93125
31,170,0.27952262982726095,0.9
31,180,0.22431822568178178,0.91875
31,190,0.2488074153661728,0.9125
31,200,0.2523794125765562,0.90625
31,210,0.23824322111904622,0.909375
31,220,0.23726707473397254,0.91875
31,230,0.11335218362510205,0.9625
31,240,0.19778118133544922,0.915625
31,250,0.1482745174318552,0.9625
31,260,0.22548958659172058,0.9125
31,270,0.20278891548514366,0.925
31,280,0.1699055515229702,0.940625
31,290,0.17729439698159694,0.946875
31,300,0.18609544336795808,0.95
32,10,0.22085738703608512,0.91875
32,20,0.18304373063147067,0.91875
32,30,0.21665124967694283,0.925
32,40,0.27743316143751146,0.896875
32,50,0.23915160745382308,0.934375
32,60,0.18499379307031633,0.925
32,70,0.27123635411262514,0.9125
32,80,0.2532633990049362,0.91875
32,90,0.1680759135633707,0.9375
32,100,0.23922752887010573,0.91875
32,110,0.2631183832883835,0.909375
32,120,0.28178039118647574,0.915625
32,130,0.27183298468589784,0.9125
32,140,0.2169269796460867,0.93125
32,150,0.2086925685405731,0.91875
32,160,0.29108367338776586,0.903125
32,170,0.19367117695510389,0.925
32,180,0.20160192772746086,0.93125
32,190,0.2532147835940123,0.921875
32,200,0.25726419538259504,0.903125
32,210,0.1857283242046833,0.915625
32,220,0.13528641276061534,0.94375
32,230,0.25805553160607814,0.915625
32,240,0.15522638987749815,0.9375
32,250,0.30687998309731485,0.88125
32,260,0.3230823025107384,0.89375
32,270,0.252705018222332,0.9125
32,280,0.1870866261422634,0.934375
32,290,0.2812788963317871,0.903125
32,300,0.2685969039797783,0.90625
33,10,0.20835950151085852,0.925
33,20,0.2103058911859989,0.921875
33,30,0.21492429822683334,0.921875
33,40,0.18787386901676656,0.93125
33,50,0.18111066669225692,0.940625
33,60,0.14774247854948044,0.95625
33,70,0.21815737932920456,0.925
33,80,0.19565973430871964,0.9375
33,90,0.17127096951007842,0.934375
33,100,0.18576146848499775,0.925
33,110,0.2772400833666325,0.884375
33,120,0.17723757326602935,0.95
33,130,0.22606723606586457,0.91875
33,140,0.2789940059185028,0.909375
33,150,0.22348290979862212,0.934375
33,160,0.24913984388113022,0.903125
33,170,0.20218196772038938,0.921875
33,180,0.1671908836811781,0.946875
33,190,0.1674892209470272,0.95625
33,200,0.20057189613580703,0.921875
33,210,0.26424679085612296,0.934375
33,220,0.261626049131155,0.909375
33,230,0.17623603194952012,0.940625
33,240,0.22531926929950713,0.91875
33,250,0.24739283546805382,0.915625
33,260,0.18272726461291314,0.94375
33,270,0.21974496990442277,0.915625
33,280,0.17033741120249032,0.9375
33,290,0.20528690218925477,0.928125
33,300,0.19805482178926467,0.915625
34,10,0.2176061101257801,0.921875
34,20,0.26096895560622213,0.9125
34,30,0.21834485456347466,0.93125
34,40,0.18668650090694427,0.925
34,50,0.1977730132639408,0.9375
34,60,0.20056857392191887,0.921875
34,70,0.21590497121214866,0.9125
34,80,0.27035819441080094,0.89375
34,90,0.17977022491395472,0.946875
34,100,0.14839894212782384,0.940625
34,110,0.19864719212055207,0.93125
34,120,0.15138638187199832,0.934375
34,130,0.22891390770673753,0.921875
34,140,0.18428579419851304,0.93125
34,150,0.25743463560938834,0.909375
34,160,0.23849344737827777,0.925
34,170,0.1391034796833992,0.95
34,180,0.17307228744029998,0.9375
34,190,0.12532008551061152,0.959375
34,200,0.1804680496454239,0.953125
34,210,0.1894324466586113,0.925
34,220,0.185708712041378,0.934375
34,230,0.16628693491220475,0.9375
34,240,0.30354870706796644,0.9125
34,250,0.22742820158600807,0.9125
34,260,0.24333700090646743,0.909375
34,270,0.2570346038788557,0.903125
34,280,0.19216883033514023,0.9375
34,290,0.18889655768871308,0.946875
34,300,0.18467727825045585,0.9375
35,10,0.19355899170041085,0.925
35,20,0.19297354221343993,0.928125
35,30,0.19685505703091621,0.94375
35,40,0.17600250691175462,0.940625
35,50,0.15718621462583543,0.94375
35,60,0.1621834948658943,0.9375
35,70,0.2627300962805748,0.90625
35,80,0.19480505660176278,0.93125
35,90,0.2509566232562065,0.909375
35,100,0.17034921422600746,0.934375
35,110,0.17928039208054541,0.93125
35,120,0.23806052580475806,0.9125
35,130,0.16931894645094872,0.946875
35,140,0.1739709697663784,0.925
35,150,0.28008181154727935,0.890625
35,160,0.20040984749794005,0.91875
35,170,0.2231033280491829,0.921875
35,180,0.14999686861410738,0.95
35,190,0.19957061745226384,0.9375
35,200,0.16222027651965618,0.95
35,210,0.20526438280940057,0.934375
35,220,0.1510136928409338,0.953125
35,230,0.1904881067574024,0.940625
35,240,0.1731203131377697,0.934375
35,250,0.20192742273211478,0.925
35,260,0.23086479045450686,0.91875
35,270,0.13693150952458383,0.959375
35,280,0.13696978874504567,0.946875
35,290,0.1447301335632801,0.946875
35,300,0.21469667442142965,0.93125
36,10,0.20836700983345507,0.921875
36,20,0.15928769633173942,0.95
36,30,0.23082272708415985,0.921875
36,40,0.1865052066743374,0.94375
36,50,0.1931225448846817,0.9375
36,60,0.18445559591054916,0.925
36,70,0.22266078144311904,0.915625
36,80,0.15620928332209588,0.946875
36,90,0.2065327310934663,0.9375
36,100,0.21401560455560684,0.925
36,110,0.11844340190291405,0.95625
36,120,0.14532715901732446,0.940625
36,130,0.12397328391671181,0.965625
36,140,0.20439884290099145,0.921875
36,150,0.13479751851409674,0.959375
36,160,0.26188996210694315,0.915625
36,170,0.1882493458688259,0.9375
36,180,0.1750705659389496,0.928125
36,190,0.1755717858672142,0.953125
36,200,0.2580948956310749,0.90625
36,210,0.18229334484785795,0.934375
36,220,0.1665581690147519,0.946875
36,230,0.1969556301832199,0.9375
36,240,0.23563572466373445,0.928125
36,250,0.224497289955616,0.915625
36,260,0.20216240212321282,0.93125
36,270,0.20607988834381102,0.93125
36,280,0.18576078861951828,0.94375
36,290,0.2181484505534172,0.91875
36,300,0.22442179638892412,0.93125
37,10,0.18576233088970184,0.934375
37,20,0.12318937946110964,0.959375
37,30,0.17151517197489738,0.940625
37,40,0.16636596769094467,0.940625
37,50,0.18565676286816596,0.925
37,60,0.1641925463452935,0.9375
37,70,0.17997458428144456,0.93125
37,80,0.1496479645371437,0.9375
37,90,0.16777404956519604,0.946875
37,100,0.1472726695239544,0.95625
37,110,0.14107242748141288,0.925
37,120,0.1981767751276493,0.928125
37,130,0.22591182440519333,0.928125
37,140,0.15095017701387406,0.953125
37,150,0.22435015961527824,0.9375
37,160,0.1863219790160656,0.93125
37,170,0.16684054620563984,0.953125
37,180,0.20402907505631446,0.9375
37,190,0.23509969860315322,0.921875
37,200,0.2412383072078228,0.921875
37,210,0.21560197956860067,0.934375
37,220,0.1762418679893017,0.94375
37,230,0.17626697421073914,0.93125
37,240,0.2181980036199093,0.91875
37,250,0.21059598699212073,0.946875
37,260,0.16882059648633002,0.940625
37,270,0.1402368400245905,0.946875
37,280,0.22112527787685393,0.915625
37,290,0.17156050205230713,0.928125
37,300,0.24786331169307232,0.915625
38,10,0.18366362228989602,0.921875
38,20,0.18506007492542267,0.93125
38,30,0.21458656527101994,0.928125
38,40,0.1495971903204918,0.940625
38,50,0.14900694377720355,0.946875
38,60,0.1821997195482254,0.928125
38,70,0.14649759009480476,0.946875
38,80,0.12793598100543022,0.95
38,90,0.1439854945987463,0.965625
38,100,0.1616087332367897,0.94375
38,110,0.20363062769174575,0.934375
38,120,0.22973303832113742,0.928125
38,130,0.16594785191118716,0.94375
38,140,0.22445049211382867,0.928125
38,150,0.1674091812223196,0.953125
38,160,0.21210284791886808,0.940625
38,170,0.21699779033660888,0.928125
38,180,0.18916075378656388,0.946875
38,190,0.2053309865295887,0.934375
38,200,0.2077475730329752,0.934375
38,210,0.17897696197032928,0.946875
38,220,0.2258237212896347,0.91875
38,230,0.19003407061100006,0.940625
38,240,0.24192991703748704,0.9375
38,250,0.23115577325224876,0.928125
38,260,0.25665183141827586,0.90625
38,270,0.19536302648484707,0.928125
38,280,0.22589204870164395,0.90625
38,290,0.1789454147219658,0.9375
38,300,0.17839373089373112,0.940625
39,10,0.1838618192821741,0.93125
39,20,0.18964248672127723,0.928125
39,30,0.15174197554588317,0.95
39,40,0.1492870043963194,0.953125
39,50,0.24358024299144745,0.9125
39,60,0.1433046678081155,0.959375
39,70,0.21739981099963188,0.95625
39,80,0.1490006998181343,0.959375
39,90,0.17239405885338782,0.95
39,100,0.13544453755021096,0.946875
39,110,0.17035921216011046,0.934375
39,120,0.14425028674304485,0.953125
39,130,0.16387478336691857,0.934375
39,140,0.1774280622601509,0.934375
39,150,0.19361113235354424,0.921875
39,160,0.06899889074265957,0.98125
39,170,0.20430213045328854,0.93125
39,180,0.24966766098514198,0.921875
39,190,0.23721539750695228,0.921875
39,200,0.15351206324994565,0.95625
39,210,0.15309195928275585,0.9375
39,220,0.19780696481466292,0.928125
39,230,0.2166158527135849,0.925
39,240,0.18172219172120094,0.93125
39,250,0.2029770439490676,0.934375
39,260,0.14454440250992776,0.953125
39,270,0.2024692825973034,0.928125
39,280,0.22657970599830152,0.928125
39,290,0.16077844612300396,0.934375
39,300,0.21151003949344158,0.921875
40,10,0.14927891194820403,0.940625
40,20,0.14466301798820497,0.946875
40,30,0.1323252271860838,0.95
40,40,0.16117131523787975,0.94375
40,50,0.18246969506144523,0.93125
40,60,0.15816328264772891,0.94375
40,70,0.14237593859434128,0.946875
40,80,0.1385098148137331,0.946875
40,90,0.15265051536262036,0.953125
40,100,0.1395155219361186,0.959375
40,110,0.1734975278377533,0.934375
40,120,0.09747833535075187,0.975
40,130,0.17745257429778577,0.925
40,140,0.20677924752235413,0.928125
40,150,0.23250804990530013,0.928125
40,160,0.1894833341240883,0.940625
40,170,0.14135554991662502,0.946875
40,180,0.22438623011112213,0.91875
40,190,0.14939574860036373,0.940625
40,200,0.14533914681524038,0.953125
40,210,0.2174365993589163,0.9375
40,220,0.19844699800014495,0.94375
40,230,0.19027107767760754,0.93125
40,240,0.1606430344283581,0.946875
40,250,0.1807744599878788,0.934375
40,260,0.1576165847480297,0.940625
40,270,0.19110985547304155,0.9375
40,280,0.1829731572419405,0.946875
40,290,0.20642198920249938,0.946875
40,300,0.13635694812983273,0.95625
41,10,0.1342340312898159,0.946875
41,20,0.19520022459328173,0.93125
41,30,0.22275760620832444,0.91875
41,40,0.10625210925936698,0.971875
41,50,0.23084249682724475,0.934375
41,60,0.20002827439457177,0.928125
41,70,0.1500357747077942,0.94375
41,80,0.22261277697980403,0.928125
41,90,0.2911717243492603,0.896875
41,100,0.17514147832989693,0.934375
41,110,0.19818782210350036,0.93125
41,120,0.11291851215064526,0.965625
41,130,0.169772357866168,0.93125
41,140,0.17669385261833667,0.928125
41,150,0.15361447781324386,0.934375
41,160,0.18806218281388282,0.928125
41,170,0.18717246055603026,0.9375
41,180,0.19171370714902877,0.934375
41,190,0.16969803012907506,0.9375
41,200,0.21578235253691674,0.915625
41,210,0.15398461781442166,0.95
41,220,0.11582514122128487,0.96875
41,230,0.18115845546126366,0.940625
41,240,0.20194606035947799,0.925
41,250,0.1835447609424591,0.94375
41,260,0.169039236754179,0.940625
41,270,0.1764055885374546,0.94375
41,280,0.2224358230829239,0.928125
41,290,0.19296801090240479,0.934375
41,300,0.17734808027744292,0.9375
42,10,0.1963424026966095,0.928125
42,20,0.1990025296807289,0.928125
42,30,0.17808761075139046,0.940625
42,40,0.16552724950015546,0.953125
42,50,0.1892907600849867,0.940625
42,60,0.14950832184404134,0.953125
42,70,0.1679217554628849,0.94375
42,80,0.17469700947403907,0.934375
42,90,0.24879794865846633,0.903125
42,100,0.2195999301970005,0.928125
42,110,0.23652967363595961,0.9125
42,120,0.16101800426840782,0.95625
42,130,0.21701229251921178,0.925
42,140,0.15922127291560173,0.940625
42,150,0.19937360882759095,0.9375
42,160,0.12520269267261028,0.946875
42,170,0.1566735167056322,0.934375
42,180,0.13675721548497677,0.946875
42,190,0.1128722419962287,0.9625
42,200,0.18538389019668103,0.928125
42,210,0.19456157833337784,0.925
42,220,0.10397817194461823,0.975
42,230,0.13202945664525031,0.9625
42,240,0.11620778068900109,0.95625
42,250,0.11566515220329165,0.953125
42,260,0.13362362617626786,0.953125
42,270,0.14025358110666275,0.95
42,280,0.19536165334284306,0.9375
42,290,0.14941582046449184,0.940625
42,300,0.16095359586179256,0.928125
43,10,0.207195508107543,0.928125
43,20,0.14989808090031148,0.934375
43,30,0.2107447985559702,0.940625
43,40,0.1607565239071846,0.934375
43,50,0.12867637425661088,0.934375
43,60,0.12231451999396085,0.959375
43,70,0.1886151947081089,0.93125
43,80,0.14469821117818354,0.946875
43,90,0.08598565571010112,0.975
43,100,0.16653179302811622,0.940625
43,110,0.14869020842015743,0.95
43,120,0.15880931001156567,0.953125
43,130,0.1882703572511673,0.93125
43,140,0.2092146497219801,0.9375
43,150,0.14223233312368394,0.946875
43,160,0.20511210858821868,0.91875
43,170,0.17325959876179695,0.928125
43,180,0.15879119299352168,0.934375
43,190,0.18556304201483725,0.921875
43,200,0.16232720166444778,0.95
43,210,0.10695478077977896,0.971875
43,220,0.21551430337131022,0.94375
43,230,0.16239278875291346,0.946875
43,240,0.20934139788150788,0.925
43,250,0.17590341605246068,0.928125
43,260,0.14674029536545277,0.946875
43,270,0.13132177330553532,0.95
43,280,0.16331159174442292,0.94375
43,290,0.1278209939599037,0.953125
43,300,0.22803723216056823,0.903125
44,10,0.2254147358238697,0.91875
44,20,0.16498447209596634,0.9375
44,30,0.11689548827707767,0.95
44,40,0.18630687594413758,0.921875
44,50,0.1480730663985014,0.95
44,60,0.11879006661474704,0.9625
44,70,0.13062942083925008,0.953125
44,80,0.19507905319333077,0.94375
44,90,0.1471918612718582,0.946875
44,100,0.16729480549693107,0.93125
44,110,0.13201511316001416,0.95
44,120,0.23063993752002715,0.91875
44,130,0.16599162258207797,0.925
44,140,0.2032717652618885,0.909375
44,150,0.16669747941195964,0.953125
44,160,0.1843256063759327,0.94375
44,170,0.15334466230124236,0.946875
44,180,0.1534166481345892,0.95625
44,190,0.1243491138331592,0.953125
44,200,0.13796636555343866,0.946875
44,210,0.14892510697245598,0.94375
44,220,0.27777408361434935,0.909375
44,230,0.186457647010684,0.94375
44,240,0.13091315068304538,0.953125
44,250,0.10837683603167533,0.959375
44,260,0.20916345939040185,0.915625
44,270,0.20022563710808755,0.9375
44,280,0.19335092678666116,0.928125
44,290,0.21647168695926666,0.915625
44,300,0.1800163146108389,0.934375
45,10,0.12152560446411372,0.95
45,20,0.12248850017786025,0.959375
45,30,0.12403364330530167,0.959375
45,40,0.1611535530537367,0.9375
45,50,0.11350976340472699,0.965625
45,60,0.09429482109844685,0.965625
45,70,0.14691107347607613,0.946875
45,80,0.16096806190907956,0.9625
45,90,0.15142332203686237,0.94375
45,100,0.13547017499804498,0.953125
45,110,0.13889501318335534,0.95
45,120,0.22917212918400764,0.90625
45,130,0.17666413970291614,0.925
45,140,0.15952371284365655,0.946875
45,150,0.12579308524727822,0.95
45,160,0.1884677942842245,0.94375
45,170,0.20032616183161736,0.928125
45,180,0.14980370365083218,0.94375
45,190,0.14959056079387664,0.953125
45,200,0.18630600087344645,0.93125
45,210,0.14739153496921062,0.94375
45,220,0.17002123706042765,0.95625
45,230,0.17955578938126565,0.94375
45,240,0.15159829072654246,0.946875
45,250,0.14963527992367745,0.9625
45,260,0.20466167628765106,0.93125
45,270,0.178066411241889,0.934375
45,280,0.18540764600038528,0.934375
45,290,0.18876597806811332,0.934375
45,300,0.1179341021925211,0.95
46,10,0.13511726260185242,0.940625
46,20,0.15067918598651886,0.95
46,30,0.17227243818342686,0.9375
46,40,0.15094217322766781,0.953125
46,50,0.15687702186405658,0.946875
46,60,0.13747971430420874,0.9375
46,70,0.19435556270182133,0.946875
46,80,0.15751220807433128,0.946875
46,90,0.11069484613835812,0.95625
46,100,0.2037758521735668,0.925
46,110,0.15721209552139043,0.940625
46,120,0.12938054092228413,0.9625
46,130,0.15497545450925826,0.95
46,140,0.12660299018025398,0.953125
46,150,0.20166906863451003,0.921875
46,160,0.11004550643265247,0.95
46,170,0.17922793552279473,0.94375
46,180,0.17026013880968094,0.946875
46,190,0.14053458496928214,0.95
46,200,0.15220634173601866,0.940625
46,210,0.1747216671705246,0.94375
46,220,0.13269217275083064,0.9625
46,230,0.10955827133730053,0.94375
46,240,0.12265772894024848,0.9625
46,250,0.18227083906531333,0.9375
46,260,0.12213434353470802,0.959375
46,270,0.1426404479891062,0.93125
46,280,0.12579138129949569,0.946875
46,290,0.16654065772891044,0.925
46,300,0.10683936551213265,0.95625
47,10,0.16244552060961723,0.95
47,20,0.13028503134846686,0.953125
47,30,0.1471815874800086,0.95
47,40,0.14624345768243074,0.946875
47,50,0.15742649249732493,0.9375
47,60,0.1211531151086092,0.959375
47,70,0.13245747201144695,0.953125
47,80,0.16182269114069642,0.9375
47,90,0.15384511426091194,0.9375
47,100,0.1433026224374771,0.946875
47,110,0.12852184381335974,0.95
47,120,0.14821075815707446,0.9625
47,130,0.13782772487029432,0.95
47,140,0.1285401239991188,0.95625
47,150,0.14098199382424353,0.95
47,160,0.08747540079057217,0.96875
47,170,0.08207998462021351,0.978125
47,180,0.1208712768740952,0.953125
47,190,0.1419464536011219,0.940625
47,200,0.2309713400900364,0.928125
47,210,0.21576265692710878,0.93125
47,220,0.15741755366325377,0.946875
47,230,0.1950432077050209,0.928125
47,240,0.15792157240211963,0.940625
47,250,0.13261979073286057,0.95
47,260,0.17250147983431816,0.94375
47,270,0.14721106179058552,0.95
47,280,0.1703087404370308,0.940625
47,290,0.15958877727389337,0.95
47,300,0.1271145459264517,0.953125
48,10,0.13126978799700736,0.95
48,20,0.13710808828473092,0.9625
48,30,0.1036789795383811,0.959375
48,40,0.1291735764592886,0.953125
48,50,0.1370014499872923,0.95
48,60,0.07641404569149017,0.96875
48,70,0.09764649476855994,0.971875
48,80,0.06523619778454304,0.971875
48,90,0.10676705352962017,0.959375
48,100,0.13341965824365615,0.946875
48,110,0.08462787754833698,0.959375
48,120,0.12674415111541748,0.9625
48,130,0.12784083485603331,0.95
48,140,0.11971721164882183,0.959375
48,150,0.1763989061117172,0.928125
48,160,0.1531754530966282,0.95
48,170,0.13952222913503648,0.953125
48,180,0.1338435785844922,0.946875
48,190,0.1363831853494048,0.959375
48,200,0.19894215501844884,0.91875
48,210,0.1375593837350607,0.94375
48,220,0.11848562881350518,0.946875
48,230,0.1864390753209591,0.946875
48,240,0.16824893057346343,0.9375
48,250,0.1229256484657526,0.9625
48,260,0.10917526222765446,0.95625
48,270,0.18576269336044787,0.940625
48,280,0.11289466898888349,0.959375
48,290,0.1451689425855875,0.946875
48,300,0.15069865360856055,0.940625
49,10,0.18668281510472298,0.921875
49,20,0.1046889279037714,0.965625
49,30,0.13650875836610793,0.959375
49,40,0.12848747707903385,0.959375
49,50,0.11203391626477241,0.9625
49,60,0.14376461114734412,0.946875
49,70,0.11350539457052947,0.96875
49,80,0.13777423202991484,0.953125
49,90,0.18716775216162204,0.93125
49,100,0.13508559092879296,0.946875
49,110,0.1540620993822813,0.9375
49,120,0.14197193868458272,0.959375
49,130,0.13349209893494846,0.95625
49,140,0.1179401334375143,0.953125
49,150,0.11054684966802597,0.95625
49,160,0.08238667966797948,0.975
49,170,0.11971096843481063,0.953125
49,180,0.1464158896356821,0.95
49,190,0.1721343532204628,0.9375
49,200,0.161259188875556,0.95
49,210,0.13347142785787583,0.95625
49,220,0.16552111580967904,0.9375
49,230,0.1776313055306673,0.95
49,240,0.18755539320409298,0.940625
49,250,0.13342817332595586,0.946875
49,260,0.21159740798175336,0.940625
49,270,0.1686980076134205,0.940625
49,280,0.14717111084610224,0.946875
49,290,0.17379564717411994,0.934375
49,300,0.11041885726153851,0.95625
