0,10,3.536579990386963,0.15
0,20,3.081567811965942,0.271875
0,30,2.9886290550231935,0.221875
0,40,2.604758596420288,0.38125
0,50,2.4650025606155395,0.378125
0,60,2.325964069366455,0.403125
0,70,2.3991250157356263,0.375
0,80,2.022836923599243,0.525
0,90,2.3648810148239137,0.38125
0,100,2.2501564979553224,0.453125
0,110,2.0071109175682067,0.4875
0,120,1.9082003593444825,0.50625
0,130,1.9640905141830445,0.515625
0,140,1.9718077182769775,0.475
0,150,1.9165332674980164,0.5
0,160,1.8370033264160157,0.5125
0,170,1.7881351828575134,0.5375
0,180,1.8819531440734862,0.49375
0,190,1.76554878950119,0.525
0,200,1.657654345035553,0.540625
0,210,1.5710436582565308,0.571875
0,220,1.4890964031219482,0.596875
0,230,1.704363751411438,0.54375
0,240,1.502876377105713,0.64375
0,250,1.5035250186920166,0.6
0,260,1.6109073400497436,0.55
0,270,1.5449575066566468,0.565625
0,280,1.540738046169281,0.55625
0,290,1.476582396030426,0.584375
0,300,1.3839799404144286,0.65
0,10,3.4228560447692873,0.15
0,20,2.9771016597747804,0.31875
0,30,2.7930838108062743,0.359375
0,40,2.5880194902420044,0.359375
0,50,2.5914020776748656,0.3875
0,60,2.316866898536682,0.45
0,70,2.241483008861542,0.4375
0,80,2.2509430766105654,0.434375
0,90,2.147805058956146,0.475
0,100,2.2458645343780517,0.4375
0,110,2.1610154628753664,0.453125
0,120,1.99672269821167,0.459375
0,130,1.9814994096755982,0.459375
0,140,1.933466899394989,0.475
0,150,1.7671754360198975,0.5125
0,160,1.69377144575119,0.546875
0,170,1.8136406302452088,0.53125
0,180,1.8383730053901672,0.528125
0,190,1.717676818370819,0.528125
0,200,1.735293459892273,0.5625
0,210,1.6451450347900392,0.55625
0,220,1.7057705760002135,0.509375
0,230,1.541952407360077,0.61875
0,240,1.5750927448272705,0.553125
0,250,1.554273283481598,0.590625
0,260,1.5494586944580078,0.584375
0,270,1.74447101354599,0.575
0,280,1.5383061051368714,0.571875
0,290,1.5833655953407288,0.578125
0,300,1.3060622334480285,0.634375
1,10,1.452469778060913,0.5875
1,20,1.3829518795013427,0.625
1,30,1.3615520358085633,0.6375
1,40,1.3635364294052124,0.621875
1,50,1.4247042536735535,0.56875
1,60,1.3339953303337098,0.6375
1,70,1.3285571873188018,0.63125
1,80,1.2590612530708314,0.659375
1,90,1.3203786730766296,0.665625
1,100,1.2119963347911835,0.665625
1,110,1.1328886210918427,0.7125
1,120,1.1776890397071837,0.671875
1,130,1.1065364897251129,0.69375
1,140,1.1632629334926605,0.68125
1,150,1.089466381072998,0.709375
1,160,1.2287587881088258,0.675
1,170,1.0898151993751526,0.696875
1,180,1.2214719355106354,0.659375
1,190,1.1512272596359252,0.678125
1,200,1.2098427414894104,0.6625
1,210,1.135283398628235,0.68125
1,220,1.0345624685287476,0.68125
1,230,1.1057328283786774,0.709375
1,240,1.0250137507915498,0.7125
1,250,1.0388529002666473,0.703125
1,260,1.2855019748210907,0.6125
1,270,1.167378306388855,0.696875
1,280,1.0665942907333374,0.709375
1,290,0.9628055274486542,0.734375
1,300,0.9819443106651307,0.740625
2,10,1.0005073070526123,0.721875
2,20,0.9461892545223236,0.703125
2,30,1.0489197671413422,0.696875
2,40,1.0081997334957122,0.71875
2,50,0.8540396571159363,0.7875
2,60,0.9776754677295685,0.7375
2,70,0.8893394589424133,0.73125
2,80,0.9658409237861634,0.71875
2,90,1.0039442956447602,0.728125
2,100,1.0212163507938385,0.709375
2,110,0.8637633562088013,0.746875
2,120,0.8480669558048248,0.75625
2,130,0.9893718123435974,0.753125
2,140,1.0708148539066316,0.678125
2,150,0.8986057162284851,0.734375
2,160,0.968362420797348,0.7125
2,170,0.8724723160266876,0.778125
2,180,0.8136582434177398,0.771875
2,190,0.9644571721553803,0.75
2,200,0.9161411941051483,0.765625
2,210,0.7812393963336944,0.790625
2,220,0.7920987606048584,0.771875
2,230,0.845625227689743,0.759375
2,240,0.860913348197937,0.75625
2,250,0.8384497404098511,0.740625
2,260,0.9549965500831604,0.70625
2,270,1.0083870351314546,0.753125
2,280,0.7160176277160645,0.803125
2,290,0.8445768296718598,0.778125
2,300,0.8198124051094056,0.765625
3,10,0.9733505427837372,0.728125
3,20,0.7806730449199677,0.775
3,30,0.8321929395198822,0.75625
3,40,0.8236688405275345,0.790625
3,50,0.6745959877967834,0.8125
3,60,0.7588467270135879,0.79375
3,70,0.7909752666950226,0.75
3,80,0.8076535880565643,0.778125
3,90,0.6731142640113831,0.8
3,100,0.7035105705261231,0.796875
3,110,0.6882840782403946,0.80625
3,120,0.7650555938482284,0.775
3,130,0.6761613756418228,0.80625
3,140,0.7305811494588852,0.796875
3,150,0.7483030200004578,0.778125
3,160,0.9215212464332581,0.778125
3,170,0.8201238870620727,0.76875
3,180,0.7097738862037659,0.803125
3,190,0.8268188893795013,0.753125
3,200,0.8151578009128571,0.778125
3,210,0.8149442553520203,0.76875
3,220,0.6926323533058166,0.80625
3,230,0.7402902156114578,0.8
3,240,0.7483436316251755,0.778125
3,250,0.7455881893634796,0.8
3,260,0.708598518371582,0.8
3,270,0.5884222209453582,0.828125
3,280,0.7310842782258987,0.79375
3,290,0.7182769685983658,0.809375
3,300,0.7346254408359527,0.790625
4,10,0.7317158639431,0.790625
4,20,0.5976703345775605,0.8375
4,30,0.7004492670297623,0.78125
4,40,0.8111753016710281,0.778125
4,50,0.6705844551324844,0.809375
4,60,0.7333026498556137,0.7875
4,70,0.5944812461733818,0.83125
4,80,0.7051999121904373,0.7875
4,90,0.6475927591323852,0.81875
4,100,0.7163527846336365,0.796875
4,110,0.7178274661302566,0.784375
4,120,0.787961146235466,0.784375
4,130,0.7597706615924835,0.771875
4,140,0.8072424590587616,0.76875
4,150,0.6999956488609314,0.7875
4,160,0.61478950381279,0.8375
4,170,0.5535726845264435,0.84375
4,180,0.5642175197601318,0.8375
4,190,0.6901763677597046,0.80625
4,200,0.7754250466823578,0.790625
4,210,0.5761693805456162,0.834375
4,220,0.6959646224975586,0.7875
4,230,0.5906568020582199,0.8375
4,240,0.6912647068500519,0.8125
4,250,0.5438062399625778,0.846875
4,260,0.5020235270261765,0.85625
4,270,0.5766534268856048,0.834375
4,280,0.6839221209287644,0.81875
4,290,0.6453748285770416,0.80625
4,300,0.6531686842441559,0.840625
5,10,0.5516003638505935,0.83125
5,20,0.5967331677675247,0.828125
5,30,0.522682836651802,0.859375
5,40,0.5568646728992462,0.809375
5,50,0.5641760528087616,0.85625
5,60,0.5331555664539337,0.85625
5,70,0.49889048784971235,0.8625
5,80,0.5660697728395462,0.846875
5,90,0.5491270154714585,0.8375
5,100,0.5735265910625458,0.840625
5,110,0.6649690270423889,0.80625
5,120,0.5512793898582459,0.8375
5,130,0.6887692779302597,0.790625
5,140,0.5594785302877426,0.83125
5,150,0.5610647916793823,0.846875
5,160,0.6041137486696243,0.828125
5,170,0.5640024751424789,0.825
5,180,0.5306455075740815,0.865625
5,190,0.5003145217895508,0.85625
5,200,0.5348570197820663,0.85625
5,210,0.6421963214874268,0.809375
5,220,0.5478217899799347,0.85
5,230,0.5692962676286697,0.825
5,240,0.6109380781650543,0.8375
5,250,0.5588356137275696,0.846875
5,260,0.5465796247124672,0.85
5,270,0.47714901268482207,0.86875
5,280,0.5561981856822967,0.834375
5,290,0.6073756903409958,0.8375
5,300,0.5440426215529441,0.834375
6,10,0.6153508365154267,0.8125
6,20,0.5203557461500168,0.85625
6,30,0.431651970744133,0.884375
6,40,0.5392994150519371,0.846875
6,50,0.5468913957476615,0.84375
6,60,0.4659778937697411,0.853125
6,70,0.4402461379766464,0.884375
6,80,0.4359672129154205,0.875
6,90,0.46498399674892427,0.89375
6,100,0.5134951576590538,0.859375
6,110,0.6530509352684021,0.815625
6,120,0.47732577472925186,0.871875
6,130,0.43926047161221504,0.875
6,140,0.4260628461837769,0.890625
6,150,0.5621606931090355,0.84375
6,160,0.501925727725029,0.85
6,170,0.5991375505924225,0.828125
6,180,0.6104884773492814,0.828125
6,190,0.5817927852272987,0.825
6,200,0.5975166618824005,0.825
6,210,0.5985283613204956,0.834375
6,220,0.5754966378211975,0.815625
6,230,0.5091135531663895,0.85
6,240,0.6097874492406845,0.83125
6,250,0.6874978572130204,0.825
6,260,0.5684945613145829,0.85
6,270,0.5573033392429352,0.8625
6,280,0.5277141243219375,0.884375
6,290,0.5667242154479026,0.846875
6,300,0.49144555628299713,0.865625
7,10,0.435357928276062,0.865625
7,20,0.49013705253601075,0.85
7,30,0.47938010692596433,0.878125
7,40,0.5006683945655823,0.846875
7,50,0.5448032602667808,0.834375
7,60,0.38586210906505586,0.90625
7,70,0.4515842229127884,0.853125
7,80,0.49117778688669206,0.86875
7,90,0.44350606501102446,0.878125
7,100,0.5088263839483261,0.85
7,110,0.5268255859613419,0.821875
7,120,0.5632456064224243,0.85625
7,130,0.44890530705451964,0.859375
7,140,0.5039478510618209,0.8625
7,150,0.5823804914951325,0.846875
7,160,0.4886139050126076,0.86875
7,170,0.5082158416509628,0.865625
7,180,0.4960448294878006,0.840625
7,190,0.4661753952503204,0.8625
7,200,0.5857849508523941,0.83125
7,210,0.48737655878067015,0.840625
7,220,0.5443493008613587,0.846875
7,230,0.5027065843343734,0.871875
7,240,0.5499304831027985,0.853125
7,250,0.42671544998884203,0.875
7,260,0.50047257989645,0.8625
7,270,0.4327102482318878,0.859375
7,280,0.5009164363145828,0.871875
7,290,0.5162459254264832,0.85625
7,300,0.49678962081670763,0.859375
8,10,0.5556516706943512,0.84375
8,20,0.4320451244711876,0.878125
8,30,0.41366386562585833,0.88125
8,40,0.4759926527738571,0.85
8,50,0.40882623195648193,0.865625
8,60,0.45363381803035735,0.85625
8,70,0.48331079185009,0.85
8,80,0.4739976167678833,0.871875
8,90,0.45935557335615157,0.875
8,100,0.48018692135810853,0.84375
8,110,0.4802538871765137,0.85625
8,120,0.42676299512386323,0.865625
8,130,0.48257581889629364,0.859375
8,140,0.6167649000883102,0.81875
8,150,0.4101184830069542,0.890625
8,160,0.47059431225061416,0.8625
8,170,0.47910407483577727,0.871875
8,180,0.4793724209070206,0.846875
8,190,0.3868860945105553,0.890625
8,200,0.5325682193040848,0.85
8,210,0.5440508127212524,0.865625
8,220,0.5424713969230652,0.834375
8,230,0.3814499393105507,0.89375
8,240,0.45045556128025055,0.88125
8,250,0.42700319886207583,0.88125
8,260,0.42340255826711654,0.896875
8,270,0.39615290313959123,0.896875
8,280,0.44680238515138626,0.890625
8,290,0.5476710259914398,0.828125
8,300,0.3598268821835518,0.86875
9,10,0.3811800181865692,0.890625
9,20,0.3570815473794937,0.896875
9,30,0.3890517234802246,0.8875
9,40,0.3426326259970665,0.896875
9,50,0.35558426678180693,0.896875
9,60,0.39373518377542494,0.878125
9,70,0.3904975578188896,0.865625
9,80,0.45186469703912735,0.86875
9,90,0.44884307906031606,0.878125
9,100,0.44298250377178194,0.878125
9,110,0.4025769054889679,0.9
9,120,0.4679368495941162,0.846875
9,130,0.3478416621685028,0.9
9,140,0.4266219839453697,0.871875
9,150,0.48726107329130175,0.8625
9,160,0.42021333798766136,0.890625
9,170,0.3374248221516609,0.909375
9,180,0.4148694083094597,0.8625
9,190,0.3973526433110237,0.8875
9,200,0.2907863065600395,0.915625
9,210,0.4799956828355789,0.878125
9,220,0.4050835132598877,0.903125
9,230,0.4402970254421234,0.86875
9,240,0.3750479623675346,0.8875
9,250,0.3514796033501625,0.89375
9,260,0.44104093611240386,0.859375
9,270,0.466079968214035,0.86875
9,280,0.5423416286706925,0.853125
9,290,0.4995905503630638,0.846875
9,300,0.5031472876667976,0.85625
10,10,0.45767236351966856,0.88125
10,20,0.3504106938838959,0.903125
10,30,0.38671581000089644,0.875
10,40,0.3502167522907257,0.915625
10,50,0.41007410287857055,0.88125
10,60,0.3999366082251072,0.8875
10,70,0.4144558057188988,0.884375
10,80,0.36442281752824784,0.88125
10,90,0.5056340873241425,0.859375
10,100,0.4045182079076767,0.88125
10,110,0.4458223611116409,0.871875
10,120,0.3059510558843613,0.925
10,130,0.44918217360973356,0.8625
10,140,0.3581346318125725,0.8875
10,150,0.40191226452589035,0.865625
10,160,0.4113467067480087,0.878125
10,170,0.461045503616333,0.859375
10,180,0.3103124886751175,0.915625
10,190,0.41201636344194414,0.871875
10,200,0.3968913719058037,0.859375
10,210,0.3094897076487541,0.903125
10,220,0.4550637170672417,0.875
10,230,0.38260498344898225,0.88125
10,240,0.43276195228099823,0.88125
10,250,0.3874352715909481,0.890625
10,260,0.3738927975296974,0.896875
10,270,0.3191276416182518,0.90625
10,280,0.34477760195732116,0.909375
10,290,0.3342472121119499,0.9125
10,300,0.34989611655473707,0.8875
11,10,0.38164158165454865,0.871875
11,20,0.4192242056131363,0.8875
11,30,0.3795315660536289,0.8875
11,40,0.4065601393580437,0.859375
11,50,0.3848995350301266,0.88125
11,60,0.3861610472202301,0.884375
11,70,0.3399758443236351,0.9
11,80,0.35511611476540567,0.875
11,90,0.2805287554860115,0.94375
11,100,0.4095159649848938,0.884375
11,110,0.449298132956028,0.884375
11,120,0.43438917845487596,0.875
11,130,0.3704661414027214,0.9125
11,140,0.358870667219162,0.88125
11,150,0.374552084505558,0.9
11,160,0.3918262794613838,0.878125
11,170,0.37916179597377775,0.86875
11,180,0.44772223234176634,0.875
11,190,0.34894241243600843,0.903125
11,200,0.33484933972358705,0.915625
11,210,0.5237680673599243,0.84375
11,220,0.4807257741689682,0.865625
11,230,0.4011205226182938,0.878125
11,240,0.5142069518566131,0.865625
11,250,0.38673416450619696,0.9
11,260,0.31754071414470675,0.91875
11,270,0.4205420583486557,0.8625
11,280,0.4106976091861725,0.878125
11,290,0.4452025339007378,0.878125
11,300,0.4748005703091621,0.8375
12,10,0.32858133763074876,0.89375
12,20,0.3950285702943802,0.884375
12,30,0.35128154307603837,0.871875
12,40,0.3719491496682167,0.9125
12,50,0.3539884969592094,0.90625
12,60,0.2512744963169098,0.93125
12,70,0.34526779130101204,0.89375
12,80,0.2990915529429913,0.909375
12,90,0.330230288207531,0.9
12,100,0.29283965528011324,0.915625
12,110,0.365688718855381,0.90625
12,120,0.3548806972801685,0.909375
12,130,0.2658637285232544,0.928125
12,140,0.3615867532789707,0.8875
12,150,0.44306824952363966,0.8625
12,160,0.3129793621599674,0.903125
12,170,0.35903286933898926,0.9
12,180,0.3984238088130951,0.884375
12,190,0.35419030785560607,0.89375
12,200,0.3591682106256485,0.89375
12,210,0.2712456576526165,0.91875
12,220,0.3392745226621628,0.91875
12,230,0.45708376318216326,0.86875
12,240,0.40659008026123045,0.896875
12,250,0.3897163063287735,0.890625
12,260,0.3491277225315571,0.875
12,270,0.3520604148507118,0.89375
12,280,0.381510928273201,0.9
12,290,0.4753310903906822,0.88125
12,300,0.4426155358552933,0.884375
13,10,0.4129592627286911,0.875
13,20,0.3441691115498543,0.884375
13,30,0.399305148422718,0.88125
13,40,0.31834104657173157,0.884375
13,50,0.3825793758034706,0.878125
13,60,0.40295248478651047,0.865625
13,70,0.3510808050632477,0.921875
13,80,0.319282791018486,0.903125
13,90,0.27688366174697876,0.91875
13,100,0.29206945896148684,0.921875
13,110,0.29816838875412943,0.925
13,120,0.3081595405936241,0.89375
13,130,0.3115476340055466,0.909375
13,140,0.4013156875967979,0.878125
13,150,0.32408122941851614,0.9
13,160,0.338602340221405,0.896875
13,170,0.2941529780626297,0.909375
13,180,0.4731300503015518,0.871875
13,190,0.40744216442108155,0.8875
13,200,0.3396887868642807,0.89375
13,210,0.4094227507710457,0.875
13,220,0.37410827577114103,0.9
13,230,0.3867377400398254,0.86875
13,240,0.38573562204837797,0.878125
13,250,0.4210787534713745,0.8625
13,260,0.34347242265939715,0.909375
13,270,0.299932249635458,0.896875
13,280,0.4165369987487793,0.871875
13,290,0.3021487757563591,0.90625
13,300,0.311287684738636,0.89375
14,10,0.25118895024061205,0.91875
14,20,0.3033518075942993,0.9
14,30,0.3028866708278656,0.903125
14,40,0.219508621096611,0.9375
14,50,0.27716053277254105,0.89375
14,60,0.3324634552001953,0.89375
14,70,0.3246663324534893,0.91875
14,80,0.2949479378759861,0.91875
14,90,0.3521804392337799,0.89375
14,100,0.2787476800382137,0.925
14,110,0.23550378605723382,0.934375
14,120,0.3041997835040092,0.90625
14,130,0.33316829353570937,0.896875
14,140,0.34746843874454497,0.88125
14,150,0.2623919486999512,0.928125
14,160,0.35004886984825134,0.89375
14,170,0.3237659573554993,0.909375
14,180,0.30094157755374906,0.903125
14,190,0.29198173210024836,0.884375
14,200,0.20333078354597092,0.959375
14,210,0.2899680495262146,0.921875
14,220,0.3292278334498405,0.9
14,230,0.31444959342479706,0.90625
14,240,0.3716575264930725,0.9
14,250,0.34564093351364134,0.89375
14,260,0.3633643887937069,0.890625
14,270,0.357821986079216,0.9
14,280,0.38565207123756406,0.9
14,290,0.31557623445987704,0.9125
14,300,0.40333284735679625,0.878125
15,10,0.3031833410263062,0.909375
15,20,0.3765999309718609,0.9
15,30,0.3237453818321228,0.9125
15,40,0.32814398854970933,0.915625
15,50,0.2866055443882942,0.909375
15,60,0.2769113197922707,0.915625
15,70,0.2430138312280178,0.946875
15,80,0.2642101690173149,0.90625
15,90,0.287984336912632,0.91875
15,100,0.32979927211999893,0.903125
15,110,0.2586903773248196,0.903125
15,120,0.3156304627656937,0.903125
15,130,0.27336137294769286,0.921875
15,140,0.24403650909662247,0.9125
15,150,0.2783214583992958,0.890625
15,160,0.2630211852490902,0.915625
15,170,0.3856340482831001,0.890625
15,180,0.2981023624539375,0.896875
15,190,0.32202704846858976,0.896875
15,200,0.30835137516260147,0.884375
15,210,0.32763645574450495,0.9
15,220,0.3492060244083405,0.896875
15,230,0.29380893558263776,0.91875
15,240,0.3801542669534683,0.903125
15,250,0.3751058250665665,0.896875
15,260,0.3212646048516035,0.91875
15,270,0.35354437679052353,0.89375
15,280,0.39567870944738387,0.865625
15,290,0.27217791974544525,0.921875
15,300,0.4306587740778923,0.8875
16,10,0.2737952798604965,0.91875
16,20,0.30934000909328463,0.915625
16,30,0.26688914448022844,0.925
16,40,0.2924711391329765,0.915625
16,50,0.24801316484808922,0.928125
16,60,0.2321132615208626,0.928125
16,70,0.344015309214592,0.88125
16,80,0.30840113684535025,0.91875
16,90,0.4012133151292801,0.890625
16,100,0.2748322732746601,0.90625
16,110,0.3397995814681053,0.90625
16,120,0.2834828391671181,0.909375
16,130,0.3073091611266136,0.915625
16,140,0.3118107318878174,0.915625
16,150,0.2455933280289173,0.928125
16,160,0.32085600942373277,0.909375
16,170,0.3012101471424103,0.909375
16,180,0.23733674362301826,0.925
16,190,0.40644477531313894,0.8875
16,200,0.29987854659557345,0.9
16,210,0.3018349908292294,0.928125
16,220,0.3493623822927475,0.890625
16,230,0.33794680088758466,0.915625
16,240,0.2998956471681595,0.925
16,250,0.28418838381767275,0.915625
16,260,0.375452509522438,0.896875
16,270,0.3130616769194603,0.90625
16,280,0.35737559497356414,0.89375
16,290,0.24464910179376603,0.928125
16,300,0.27555663585662843,0.928125
17,10,0.3377689003944397,0.903125
17,20,0.21664172038435936,0.95625
17,30,0.2821881785988808,0.91875
17,40,0.3835666537284851,0.89375
17,50,0.3388678677380085,0.9
17,60,0.2736511006951332,0.909375
17,70,0.32051343023777007,0.9
17,80,0.30864726155996325,0.909375
17,90,0.2917162269353867,0.90625
17,100,0.2495732471346855,0.934375
17,110,0.2390250653028488,0.921875
17,120,0.26419693008065226,0.91875
17,130,0.21447633504867553,0.946875
17,140,0.2545676983892918,0.934375
17,150,0.2973376989364624,0.903125
17,160,0.2689532071352005,0.903125
17,170,0.29895769953727724,0.925
17,180,0.3052016519010067,0.90625
17,190,0.2862347513437271,0.884375
17,200,0.27037569135427475,0.91875
17,210,0.3213089480996132,0.9125
17,220,0.2503322523087263,0.934375
17,230,0.22949122861027718,0.921875
17,240,0.31179417967796325,0.9125
17,250,0.26518680304288866,0.91875
17,260,0.3839402928948402,0.878125
17,270,0.3376187674701214,0.903125
17,280,0.3025573305785656,0.909375
17,290,0.3060164000838995,0.909375
17,300,0.3430561050772667,0.890625
18,10,0.23580920286476612,0.93125
18,20,0.26414684802293775,0.915625
18,30,0.29039467722177503,0.903125
18,40,0.27582375556230543,0.9125
18,50,0.3715845137834549,0.890625
18,60,0.29525057077407835,0.9125
18,70,0.28362276032567024,0.9125
18,80,0.22467135861516,0.9375
18,90,0.2926426164805889,0.91875
18,100,0.23929723277688025,0.940625
18,110,0.2634588912129402,0.928125
18,120,0.3642780132591724,0.884375
18,130,0.2431078188121319,0.934375
18,140,0.30212078988552094,0.91875
18,150,0.22624785006046294,0.946875
18,160,0.19887927249073983,0.9375
18,170,0.3985036998987198,0.896875
18,180,0.2996959887444973,0.903125
18,190,0.34275828301906586,0.915625
18,200,0.32106345146894455,0.89375
18,210,0.27014085054397585,0.9
18,220,0.26589816212654116,0.909375
18,230,0.3403874173760414,0.896875
18,240,0.3266148380935192,0.9
18,250,0.2562462341040373,0.928125
18,260,0.28315557539463043,0.928125
18,270,0.28119347915053367,0.921875
18,280,0.3187593393027782,0.909375
18,290,0.28751893192529676,0.9125
18,300,0.29567810148000717,0.915625
19,10,0.2361285500228405,0.934375
19,20,0.29192192032933234,0.91875
19,30,0.23906708583235742,0.934375
19,40,0.25693145394325256,0.928125
19,50,0.23980550318956376,0.9375
19,60,0.2515884630382061,0.928125
19,70,0.2546536859124899,0.9375
19,80,0.27450720965862274,0.909375
19,90,0.2555928610265255,0.921875
19,100,0.22798280715942382,0.934375
19,110,0.31064833551645277,0.903125
19,120,0.23256242983043193,0.9375
19,130,0.25863043367862704,0.921875
19,140,0.30244961231946943,0.91875
19,150,0.30748162120580674,0.90625
19,160,0.27182203382253645,0.928125
19,170,0.27750230580568314,0.921875
19,180,0.24397899061441422,0.928125
19,190,0.2906549572944641,0.903125
19,200,0.2801858462393284,0.925
19,210,0.25726930275559423,0.925
19,220,0.25837894156575203,0.91875
19,230,0.2212248019874096,0.928125
19,240,0.3103998348116875,0.890625
19,250,0.2520812228322029,0.934375
19,260,0.25077295377850534,0.921875
19,270,0.23250602334737777,0.934375
19,280,0.2960098721086979,0.909375
19,290,0.23221429735422133,0.925
19,300,0.25731274038553237,0.91875
20,10,0.26530959606170657,0.934375
20,20,0.21556893587112427,0.925
20,30,0.17988197952508928,0.946875
20,40,0.16875890903174878,0.959375
20,50,0.2582614839076996,0.921875
20,60,0.21342746838927268,0.928125
20,70,0.24655604586005211,0.925
20,80,0.23978388383984567,0.934375
20,90,0.22087329253554344,0.934375
20,100,0.2302498050034046,0.915625
20,110,0.25931795686483383,0.915625
20,120,0.279490464925766,0.909375
20,130,0.24276473745703697,0.928125
20,140,0.26955960094928744,0.934375
20,150,0.23498985394835473,0.93125
20,160,0.34738235622644426,0.896875
20,170,0.3134038522839546,0.9
20,180,0.2447687417268753,0.928125
20,190,0.35320970565080645,0.89375
20,200,0.19232745394110679,0.95
20,210,0.2501756176352501,0.9375
20,220,0.25130833834409716,0.934375
20,230,0.23441960364580156,0.915625
20,240,0.26115142554044724,0.915625
20,250,0.24607502967119216,0.934375
20,260,0.21878338903188704,0.928125
20,270,0.2587907865643501,0.928125
20,280,0.21893708109855653,0.93125
20,290,0.24601499810814859,0.91875
20,300,0.2786542572081089,0.90625
21,10,0.23039508685469628,0.909375
21,20,0.27791709899902345,0.915625
21,30,0.20708927437663077,0.940625
21,40,0.25606679543852806,0.928125
21,50,0.21724017336964607,0.934375
21,60,0.19161524921655654,0.95
21,70,0.22757317274808883,0.940625
21,80,0.28679717555642126,0.91875
21,90,0.26179651021957395,0.91875
21,100,0.2766369074583054,0.909375
21,110,0.28241376429796217,0.896875
21,120,0.2628513962030411,0.90625
21,130,0.2683343805372715,0.93125
21,140,0.2011622540652752,0.940625
21,150,0.3044739365577698,0.903125
21,160,0.23605090677738189,0.928125
21,170,0.18765038698911668,0.953125
21,180,0.22805315479636193,0.91875
21,190,0.3013596758246422,0.896875
21,200,0.32187114655971527,0.9125
21,210,0.32095291316509245,0.9125
21,220,0.27847390323877336,0.9375
21,230,0.23728906810283662,0.928125
21,240,0.28234672695398333,0.9125
21,250,0.17337921932339667,0.95625
21,260,0.236506836861372,0.91875
21,270,0.25530826225876807,0.915625
21,280,0.2272852636873722,0.928125
21,290,0.2328685000538826,0.94375
21,300,0.19163705855607988,0.928125
22,10,0.16352275274693967,0.946875
22,20,0.2508267402648926,0.921875
22,30,0.15085151828825474,0.9625
22,40,0.20287059545516967,0.925
22,50,0.20332413949072362,0.9375
22,60,0.21466097608208656,0.93125
22,70,0.21749398596584796,0.95
22,80,0.25233073011040685,0.915625
22,90,0.2624153301119804,0.934375
22,100,0.25940544307231905,0.925
22,110,0.18756330199539661,0.95
22,120,0.22671917378902434,0.921875
22,130,0.27093571424484253,0.9125
22,140,0.24270221292972566,0.91875
22,150,0.25918707475066183,0.9125
22,160,0.20979775711894036,0.94375
22,170,0.22528599947690964,0.928125
22,180,0.22937994673848153,0.928125
22,190,0.2786205619573593,0.915625
22,200,0.21827713027596474,0.9375
22,210,0.2726044371724129,0.93125
22,220,0.2720111384987831,0.921875
22,230,0.26164996474981306,0.90625
22,240,0.25482890382409096,0.90625
22,250,0.24404449313879012,0.91875
22,260,0.25608219504356383,0.915625
22,270,0.264694694429636,0.928125
22,280,0.20068609565496445,0.934375
22,290,0.27683570608496666,0.909375
22,300,0.2313588909804821,0.93125
23,10,0.2532962433993816,0.9375
23,20,0.23126751706004142,0.93125
23,30,0.32617665082216263,0.903125
23,40,0.21844276264309884,0.934375
23,50,0.20216218680143355,0.946875
23,60,0.1884352132678032,0.953125
23,70,0.19878840446472168,0.94375
23,80,0.18768250048160554,0.93125
23,90,0.1465676438063383,0.95
23,100,0.2558425389230251,0.9125
23,110,0.23671749979257584,0.953125
23,120,0.18839981332421302,0.95625
23,130,0.1555400885641575,0.946875
23,140,0.15362989529967308,0.953125
23,150,0.21494815573096276,0.93125
23,160,0.23584194481372833,0.928125
23,170,0.22266413345932962,0.934375
23,180,0.21897354796528817,0.93125
23,190,0.30859982818365095,0.90625
23,200,0.2333722911775112,0.928125
23,210,0.22751622125506402,0.93125
23,220,0.2580495849251747,0.915625
23,230,0.23111476451158525,0.9375
23,240,0.22978070750832558,0.934375
23,250,0.18784959465265275,0.94375
23,260,0.23791117072105408,0.93125
23,270,0.20024282112717628,0.95
23,280,0.2960384726524353,0.91875
23,290,0.23282239586114883,0.925
23,300,0.22266087979078292,0.940625
24,10,0.1988770380616188,0.95
24,20,0.33066674023866655,0.9125
24,30,0.1595545679330826,0.946875
24,40,0.2707857832312584,0.9125
24,50,0.27867994979023936,0.921875
24,60,0.18968304470181466,0.953125
24,70,0.22862235084176064,0.93125
24,80,0.15841300934553146,0.953125
24,90,0.19218850061297416,0.946875
24,100,0.22403475940227507,0.934375
24,110,0.17075536549091339,0.946875
24,120,0.1924648940563202,0.9375
24,130,0.24869447499513625,0.928125
24,140,0.18594883754849434,0.928125
24,150,0.21361067444086074,0.93125
24,160,0.21345224976539612,0.93125
24,170,0.16895575001835822,0.9375
24,180,0.17450909018516542,0.953125
24,190,0.22379385381937028,0.9375
24,200,0.19688891172409057,0.925
24,210,0.18916673287749292,0.953125
24,220,0.22527931407094,0.90625
24,230,0.26287118196487425,0.915625
24,240,0.28130507916212083,0.921875
24,250,0.22717855721712113,0.93125
24,260,0.19265681840479373,0.946875
24,270,0.17386621832847596,0.95
24,280,0.2376985065639019,0.921875
24,290,0.18678702041506767,0.946875
24,300,0.20311654061079026,0.9375
25,10,0.20900413282215596,0.94375
25,20,0.2528395034372807,0.940625
25,30,0.1802191510796547,0.953125
25,40,0.2059527173638344,0.9375
25,50,0.17759913802146912,0.959375
25,60,0.22768296897411347,0.93125
25,70,0.1779149852693081,0.934375
25,80,0.15262695848941804,0.946875
25,90,0.2813509374856949,0.915625
25,100,0.193824952095747,0.95
25,110,0.19416152872145176,0.94375
25,120,0.17081426195800303,0.953125
25,130,0.18974287211894988,0.946875
25,140,0.19361160099506378,0.95
25,150,0.22915448173880576,0.925
25,160,0.1754428416490555,0.940625
25,170,0.18783430829644204,0.95
25,180,0.21979634538292886,0.93125
25,190,0.2639848358929157,0.94375
25,200,0.163467163592577,0.953125
25,210,0.2349633902311325,0.928125
25,220,0.18647143691778184,0.940625
25,230,0.22269446328282355,0.940625
25,240,0.2591351218521595,0.9375
25,250,0.20083188340067865,0.928125
25,260,0.3257484257221222,0.915625
25,270,0.2887125387787819,0.909375
25,280,0.28863233923912046,0.9
25,290,0.2524398870766163,0.928125
25,300,0.34581847712397573,0.903125
26,10,0.3135909825563431,0.896875
26,20,0.18872100226581096,0.940625
26,30,0.27559223398566246,0.91875
26,40,0.2998435191810131,0.921875
26,50,0.22760253250598908,0.93125
26,60,0.21490928530693054,0.946875
26,70,0.29764093160629274,0.896875
26,80,0.20350241363048555,0.9375
26,90,0.22880628556013108,0.934375
26,100,0.23815756142139435,0.9125
26,110,0.19276759698987006,0.93125
26,120,0.22139647156000136,0.95
26,130,0.2153755471110344,0.925
26,140,0.1848555475473404,0.94375
26,150,0.24142227172851563,0.91875
26,160,0.2018699415028095,0.934375
26,170,0.2007494367659092,0.934375
26,180,0.23917587772011756,0.940625
26,190,0.21870207488536836,0.91875
26,200,0.27568679451942446,0.9
26,210,0.1977272041141987,0.94375
26,220,0.18919456303119658,0.9375
26,230,0.16615056358277797,0.95
26,240,0.14560427889227867,0.953125
26,250,0.20216144621372223,0.940625
26,260,0.23792837485671042,0.9375
26,270,0.20435721129179002,0.9375
26,280,0.19007749557495118,0.95
26,290,0.22210148200392724,0.93125
26,300,0.21310481820255517,0.946875
27,10,0.11270774789154529,0.9625
27,20,0.20233069211244584,0.93125
27,30,0.13651808574795724,0.959375
27,40,0.2404870867729187,0.93125
27,50,0.1675212599337101,0.953125
27,60,0.17677149400115014,0.946875
27,70,0.13657892718911172,0.959375
27,80,0.09465419054031372,0.984375
27,90,0.2533686924725771,0.925
27,100,0.21377086788415908,0.934375
27,110,0.22747267112135888,0.928125
27,120,0.21519946157932282,0.9125
27,130,0.15527015328407287,0.95625
27,140,0.23609944358468055,0.925
27,150,0.17259375303983687,0.94375
27,160,0.26298449411988256,0.9375
27,170,0.2091691218316555,0.94375
27,180,0.3090844050049782,0.909375
27,190,0.1920601934194565,0.925
27,200,0.1706706777215004,0.9625
27,210,0.19043608009815216,0.94375
27,220,0.20700206309556962,0.934375
27,230,0.2408442921936512,0.925
27,240,0.17936649695038795,0.953125
27,250,0.2580346822738647,0.93125
27,260,0.13425219170749186,0.96875
27,270,0.19697311297059059,0.93125
27,280,0.2286490760743618,0.928125
27,290,0.3189831905066967,0.91875
27,300,0.23500030040740966,0.921875
28,10,0.22438535541296006,0.94375
28,20,0.16280759647488594,0.959375
28,30,0.2300879567861557,0.928125
28,40,0.17695640549063682,0.95
28,50,0.12726037949323654,0.965625
28,60,0.16025926042348146,0.953125
28,70,0.16720111221075057,0.95
28,80,0.15903859212994576,0.946875
28,90,0.17623992636799812,0.946875
28,100,0.1668343037366867,0.946875
28,110,0.14684006832540036,0.975
28,120,0.1462730798870325,0.95625
28,130,0.1934356402605772,0.940625
28,140,0.21635247096419336,0.925
28,150,0.19881260618567467,0.946875
28,160,0.1634444497525692,0.95
28,170,0.1955864369869232,0.94375
28,180,0.2237482987344265,0.928125
28,190,0.3012719631195068,0.909375
28,200,0.22348510175943376,0.94375
28,210,0.1832086078822613,0.946875
28,220,0.22326552644371986,0.93125
28,230,0.19550783485174178,0.94375
28,240,0.22356802448630334,0.928125
28,250,0.22033547908067702,0.925
28,260,0.20244386568665504,0.934375
28,270,0.2805525004863739,0.915625
28,280,0.19846029430627823,0.946875
28,290,0.2922558404505253,0.925
28,300,0.14974010810256005,0.953125
29,10,0.19222707748413087,0.946875
29,20,0.18289515972137452,0.94375
29,30,0.21065760403871536,0.9375
29,40,0.1722649961709976,0.946875
29,50,0.15297870263457297,0.946875
29,60,0.18040745928883553,0.940625
29,70,0.12817431390285491,0.965625
29,80,0.17088035866618156,0.94375
29,90,0.17050276696681976,0.940625
29,100,0.18254579678177835,0.94375
29,110,0.17958462461829186,0.94375
29,120,0.1330650880932808,0.965625
29,130,0.19117378443479538,0.94375
29,140,0.1588552825152874,0.946875
29,150,0.18174839168787002,0.95
29,160,0.18332640156149865,0.95
29,170,0.14907757118344306,0.95
29,180,0.13888102695345877,0.95625
29,190,0.19077857211232185,0.94375
29,200,0.15526502206921577,0.95
29,210,0.26905862018466,0.93125
29,220,0.1678156889975071,0.953125
29,230,0.17926339581608772,0.94375
29,240,0.15276310369372367,0.953125
29,250,0.16044670827686786,0.95625
29,260,0.22799601778388023,0.934375
29,270,0.2144199028611183,0.915625
29,280,0.1650380328297615,0.946875
29,290,0.14462409764528275,0.95
29,300,0.18791725784540175,0.946875
30,10,0.15152410753071308,0.94375
30,20,0.14423212744295597,0.9375
30,30,0.14007858261466027,0.9625
30,40,0.23940557092428208,0.934375
30,50,0.18768153786659242,0.94375
30,60,0.1456519402563572,0.95
30,70,0.2302035689353943,0.934375
30,80,0.1670529969036579,0.946875
30,90,0.2183781936764717,0.93125
30,100,0.1537440910935402,0.95625
30,110,0.18380105644464492,0.9625
30,120,0.2057433694601059,0.95
30,130,0.16359354369342327,0.959375
30,140,0.1904161974787712,0.928125
30,150,0.18409988842904568,0.95
30,160,0.16806489564478397,0.95
30,170,0.160537738353014,0.95
30,180,0.19471857473254203,0.95
30,190,0.16951205842196942,0.94375
30,200,0.18484221994876862,0.940625
30,210,0.1664527218788862,0.946875
30,220,0.19051935374736786,0.95
30,230,0.232853389903903,0.928125
30,240,0.16637025959789753,0.94375
30,250,0.1820867333561182,0.95625
30,260,0.24810249730944633,0.93125
30,270,0.18753169160336255,0.940625
30,280,0.20114796683192254,0.940625
30,290,0.17446314617991449,0.940625
30,300,0.1768223188817501,0.946875
31,10,0.13932009041309357,0.953125
31,20,0.15711065120995044,0.9375
31,30,0.22612641602754593,0.940625
31,40,0.1553361415863037,0.940625
31,50,0.18859373182058334,0.9375
31,60,0.2025025598704815,0.91875
31,70,0.13320372067391872,0.9625
31,80,0.14701066724956036,0.953125
31,90,0.20559977740049362,0.946875
31,100,0.17558810636401176,0.9375
31,110,0.1558257594704628,0.95
31,120,0.1347946383059025,0.9625
31,130,0.20553241670131683,0.946875
31,140,0.13042485266923903,0.965625
31,150,0.1942371852695942,0.9375
31,160,0.24487104564905166,0.928125
31,170,0.2361698940396309,0.91875
31,180,0.14381092935800552,0.95
31,190,0.19728294163942336,0.928125
31,200,0.20525009855628013,0.94375
31,210,0.15201612040400506,0.959375
31,220,0.2521895468235016,0.91875
31,230,0.17348758801817893,0.95625
31,240,0.21366365402936935,0.93125
31,250,0.17736044228076936,0.946875
31,260,0.17072931081056594,0.953125
31,270,0.17161086164414882,0.946875
31,280,0.1406822197139263,0.95625
31,290,0.19254590459167958,0.95
31,300,0.1756226345896721,0.946875
32,10,0.20349561497569085,0.934375
32,20,0.1866443008184433,0.928125
32,30,0.21655971109867095,0.940625
32,40,0.18600818514823914,0.940625
32,50,0.2408956542611122,0.928125
32,60,0.1528112418949604,0.953125
32,70,0.17493134140968322,0.9375
32,80,0.10446876846253872,0.971875
32,90,0.15787630751729012,0.953125
32,100,0.12503629177808762,0.965625
32,110,0.18693113029003144,0.940625
32,120,0.09903822541236877,0.965625
32,130,0.1271612264215946,0.96875
32,140,0.13350015059113501,0.9625
32,150,0.12890069670975207,0.959375
32,160,0.198454499989748,0.940625
32,170,0.155230288207531,0.94375
32,180,0.18783050775527954,0.94375
32,190,0.1455789390951395,0.94375
32,200,0.17818027697503566,0.959375
32,210,0.1915862951427698,0.940625
32,220,0.14329069517552853,0.953125
32,230,0.15187678448855876,0.9625
32,240,0.2798633636906743,0.928125
32,250,0.13150520250201225,0.95625
32,260,0.19241789728403091,0.953125
32,270,0.15348887741565703,0.953125
32,280,0.21141895055770873,0.9375
32,290,0.15644956789910794,0.953125
32,300,0.17888761162757874,0.93125
33,10,0.13364137187600136,0.95625
33,20,0.1882243264466524,0.940625
33,30,0.17381833121180534,0.9625
33,40,0.18881747871637344,0.93125
33,50,0.20963482074439527,0.940625
33,60,0.19028447791934014,0.953125
33,70,0.1875123217701912,0.953125
33,80,0.18316570520401002,0.940625
33,90,0.1435548931360245,0.953125
33,100,0.12143381144851446,0.975
33,110,0.16612247750163078,0.934375
33,120,0.1889107696712017,0.934375
33,130,0.20671563670039178,0.93125
33,140,0.12083756923675537,0.965625
33,150,0.19453351236879826,0.94375
33,160,0.237300905585289,0.928125
33,170,0.1742060784250498,0.946875
33,180,0.16930634751915932,0.959375
33,190,0.22540577426552771,0.9375
33,200,0.18347244188189507,0.9375
33,210,0.18763493075966836,0.940625
33,220,0.2364394512027502,0.925
33,230,0.18426290452480315,0.93125
33,240,0.2328691691160202,0.940625
33,250,0.11433526575565338,0.975
33,260,0.18325566574931146,0.934375
33,270,0.22935232520103455,0.940625
33,280,0.1629072107374668,0.94375
33,290,0.19144737273454665,0.93125
33,300,0.2523835260421038,0.925
34,10,0.12275157198309898,0.96875
34,20,0.17006211243569852,0.95
34,30,0.1573769837617874,0.959375
34,40,0.1942672997713089,0.93125
34,50,0.12623092159628868,0.965625
34,60,0.18464033603668212,0.928125
34,70,0.17895120494067668,0.959375
34,80,0.13562140092253686,0.96875
34,90,0.12389458864927291,0.9625
34,100,0.1346876211464405,0.95
34,110,0.1437880676239729,0.96875
34,120,0.2041718117892742,0.946875
34,130,0.1892615132033825,0.9375
34,140,0.14517387598752976,0.9625
34,150,0.14862461015582085,0.965625
34,160,0.10922353081405163,0.953125
34,170,0.15824426859617233,0.95
34,180,0.1634763054549694,0.9375
34,190,0.11088422760367393,0.965625
34,200,0.21483234390616418,0.953125
34,210,0.2384650781750679,0.928125
34,220,0.1830046609044075,0.946875
34,230,0.22298941761255264,0.928125
34,240,0.16759680546820163,0.95625
34,250,0.16025023423135282,0.953125
34,260,0.1660424316301942,0.95
34,270,0.17971054539084436,0.95625
34,280,0.19485947042703627,0.928125
34,290,0.17549715861678122,0.94375
34,300,0.1599375620484352,0.95
35,10,0.13921546451747419,0.965625
35,20,0.19025139287114143,0.94375
35,30,0.1390680857002735,0.94375
35,40,0.309160690382123,0.934375
35,50,0.16852095909416676,0.940625
35,60,0.1585745859891176,0.95
35,70,0.13825323209166526,0.965625
35,80,0.1540767066180706,0.953125
35,90,0.08482895586639642,0.971875
35,100,0.14726972728967666,0.959375
35,110,0.12114146929234267,0.965625
35,120,0.13017509113997222,0.965625
35,130,0.1518725324422121,0.953125
35,140,0.19812862649559976,0.93125
35,150,0.19140377826988697,0.921875
35,160,0.14769470281898975,0.953125
35,170,0.21736225970089434,0.953125
35,180,0.1400325071066618,0.953125
35,190,0.1783036008477211,0.946875
35,200,0.17934994250535966,0.946875
35,210,0.17342962436378,0.95625
35,220,0.18037890791893005,0.9375
35,230,0.19640415236353875,0.9375
35,240,0.13278551138937472,0.959375
35,250,0.13794965781271457,0.95625
35,260,0.16582309529185296,0.946875
35,270,0.22559985592961312,0.93125
35,280,0.11276750266551971,0.953125
35,290,0.240894765406847,0.94375
35,300,0.16007857993245125,0.95
36,10,0.09325361270457506,0.96875
36,20,0.13474688604474067,0.95625
36,30,0.14648528024554253,0.953125
36,40,0.14768917113542557,0.9625
36,50,0.09983225129544734,0.98125
36,60,0.17584822401404382,0.959375
36,70,0.12086777053773404,0.95625
36,80,0.12938616797327995,0.959375
36,90,0.15684094950556754,0.965625
36,100,0.11339371502399445,0.971875
36,110,0.0879291120916605,0.971875
36,120,0.1698530986905098,0.95625
36,130,0.09678885117173194,0.96875
36,140,0.09038352202624082,0.975
36,150,0.10873635746538639,0.965625
36,160,0.1589467529207468,0.95
36,170,0.1541043758392334,0.953125
36,180,0.09230941422283649,0.975
36,190,0.18404280841350557,0.94375
36,200,0.14880354441702365,0.953125
36,210,0.17663520984351636,0.95
36,220,0.12680988609790803,0.959375
36,230,0.13921804018318654,0.965625
36,240,0.18678919076919556,0.953125
36,250,0.16290477514266968,0.95625
36,260,0.11859330572187901,0.95625
36,270,0.14903430752456187,0.9625
36,280,0.11926149725914001,0.965625
36,290,0.17284775897860527,0.94375
36,300,0.14712803103029728,0.953125
37,10,0.1371479772031307,0.95625
37,20,0.18001652881503105,0.934375
37,30,0.11180225647985935,0.975
37,40,0.1967904105782509,0.95
37,50,0.12549761980772017,0.971875
37,60,0.1277398694306612,0.959375
37,70,0.11301336660981179,0.95625
37,80,0.14013554938137532,0.95625
37,90,0.15756242908537388,0.953125
37,100,0.10970954671502113,0.9625
37,110,0.17388351485133172,0.946875
37,120,0.14739340990781785,0.959375
37,130,0.14071933776140214,0.946875
37,140,0.13395584858953952,0.9625
37,150,0.1837723372504115,0.940625
37,160,0.20257811695337297,0.94375
37,170,0.14519168846309186,0.9625
37,180,0.16520108338445424,0.953125
37,190,0.14019772671163083,0.959375
37,200,0.0913588184863329,0.975
37,210,0.16653537452220918,0.959375
37,220,0.14394661262631417,0.95
37,230,0.1293574471026659,0.9625
37,240,0.17048643305897712,0.94375
37,250,0.1458461493253708,0.959375
37,260,0.2449059471487999,0.9375
37,270,0.20260024517774583,0.94375
37,280,0.15007460862398148,0.95625
37,290,0.20532162934541703,0.95
37,300,0.21177100017666817,0.93125
38,10,0.2471345491707325,0.940625
38,20,0.21330664232373236,0.94375
38,30,0.17197866067290307,0.940625
38,40,0.12415584474802017,0.965625
38,50,0.1323168221861124,0.965625
38,60,0.1203293826431036,0.971875
38,70,0.13758462071418762,0.959375
38,80,0.13578361459076405,0.953125
38,90,0.10443448163568973,0.978125
38,100,0.12699989080429078,0.965625
38,110,0.10711938887834549,0.965625
38,120,0.14321654736995698,0.95
38,130,0.08336733356118202,0.978125
38,140,0.14521987363696098,0.95
38,150,0.1720917545258999,0.959375
38,160,0.17682979330420495,0.940625
38,170,0.13959881607443095,0.95625
38,180,0.23715746849775315,0.93125
38,190,0.27161655724048617,0.915625
38,200,0.12077046483755112,0.96875
38,210,0.18686919808387756,0.95
38,220,0.21077362224459648,0.940625
38,230,0.1942377582192421,0.934375
38,240,0.17024377956986428,0.946875
38,250,0.1715388584882021,0.953125
38,260,0.13249312303960323,0.959375
38,270,0.21332595758140088,0.946875
38,280,0.1306261107325554,0.953125
38,290,0.17801317870616912,0.94375
38,300,0.17389046661555768,0.93125
39,10,0.15409126691520214,0.946875
39,20,0.1796174392104149,0.959375
39,30,0.11898690611124038,0.96875
39,40,0.1331105850636959,0.95625
39,50,0.18054368998855352,0.953125
39,60,0.1412970807403326,0.965625
39,70,0.12241492085158825,0.959375
39,80,0.13782720416784286,0.95625
39,90,0.1585101131349802,0.95625
39,100,0.12369369789958,0.95625
39,110,0.16391306072473527,0.946875
39,120,0.13932992443442344,0.9625
39,130,0.1414217170327902,0.953125
39,140,0.11538889855146409,0.9625
39,150,0.14782664254307748,0.953125
39,160,0.0836448073387146,0.9875
39,170,0.17174307256937027,0.95625
39,180,0.12181026171892881,0.971875
39,190,0.09331349059939384,0.971875
39,200,0.07685726173222066,0.984375
39,210,0.07903434354811907,0.984375
39,220,0.14285206682980062,0.96875
39,230,0.09738831408321857,0.984375
39,240,0.10252106338739395,0.975
39,250,0.1015098687261343,0.975
39,260,0.10820210427045822,0.96875
39,270,0.12569257114082574,0.9625
39,280,0.17353588417172433,0.9625
39,290,0.13395179118961095,0.965625
39,300,0.20218886099755765,0.93125
40,10,0.13563872277736663,0.965625
40,20,0.18419548198580743,0.94375
40,30,0.0946576740592718,0.975
40,40,0.14615667629987,0.95625
40,50,0.10962126925587654,0.978125
40,60,0.10329645611345768,0.965625
40,70,0.1477273553609848,0.95625
40,80,0.08186826184391975,0.978125
40,90,0.09960229545831681,0.98125
40,100,0.0938586413860321,0.971875
40,110,0.1388175841420889,0.959375
40,120,0.08389478381723166,0.975
40,130,0.11424760259687901,0.9625
40,140,0.10514862313866616,0.965625
40,150,0.09810832031071186,0.965625
40,160,0.1001994589343667,0.965625
40,170,0.08813751600682736,0.978125
40,180,0.0896212974563241,0.98125
40,190,0.10830029472708702,0.95625
40,200,0.12146783024072647,0.959375
40,210,0.17160655409097672,0.946875
40,220,0.16539628393948078,0.946875
40,230,0.13874062672257423,0.965625
40,240,0.13184933178126812,0.953125
40,250,0.19319697581231593,0.95625
40,260,0.1311813324689865,0.9625
40,270,0.15738180354237558,0.95625
40,280,0.18177300803363322,0.9375
40,290,0.09718441776931286,0.96875
40,300,0.1845691978931427,0.94375
41,10,0.090430623665452,0.96875
41,20,0.10331410504877567,0.975
41,30,0.10159740597009659,0.971875
41,40,0.10797789338976145,0.9625
41,50,0.12043489068746567,0.959375
41,60,0.07800790686160326,0.98125
41,70,0.07738478574901819,0.978125
41,80,0.110754119977355,0.95625
41,90,0.11798412464559078,0.9625
41,100,0.11866233516484499,0.965625
41,110,0.13298545610159634,0.96875
41,120,0.20448068529367447,0.934375
41,130,0.10050820857286454,0.9625
41,140,0.1393470510840416,0.9625
41,150,0.15096415542066097,0.953125
41,160,0.1595864597707987,0.946875
41,170,0.10396814942359925,0.975
41,180,0.15636249631643295,0.940625
41,190,0.14051622487604618,0.95
41,200,0.1308451656252146,0.953125
41,210,0.1585052140057087,0.95625
41,220,0.15217077359557152,0.946875
41,230,0.17255056649446487,0.95
41,240,0.1387073878198862,0.959375
41,250,0.14024018868803978,0.9625
41,260,0.16395602747797966,0.959375
41,270,0.1564793013036251,0.953125
41,280,0.10269885882735252,0.9625
41,290,0.17004078216850757,0.953125
41,300,0.20088536143302918,0.934375
42,10,0.10163298025727271,0.96875
42,20,0.10686123892664909,0.965625
42,30,0.13529766649007796,0.9625
42,40,0.12152233943343163,0.95625
42,50,0.12426501642912627,0.965625
42,60,0.1487166617065668,0.9625
42,70,0.13712608441710472,0.959375
42,80,0.1295936331152916,0.9625
42,90,0.11356564089655877,0.965625
42,100,0.1496705926954746,0.946875
42,110,0.22872287631034852,0.925
42,120,0.1275855775922537,0.9625
42,130,0.1597698874771595,0.946875
42,140,0.180134991183877,0.9625
42,150,0.14151909239590169,0.9625
42,160,0.11889443285763264,0.965625
42,170,0.17411538921296596,0.95
42,180,0.14379719980061054,0.95625
42,190,0.09604371488094329,0.978125
42,200,0.134535700827837,0.95625
42,210,0.09312676042318344,0.975
42,220,0.1581334574148059,0.959375
42,230,0.13768594563007355,0.959375
42,240,0.1163772962987423,0.959375
42,250,0.16848158948123454,0.946875
42,260,0.16107768081128598,0.95625
42,270,0.08744540102779866,0.978125
42,280,0.17097065448760987,0.94375
42,290,0.19028770178556442,0.94375
42,300,0.1704807709902525,0.959375
43,10,0.12359811309725047,0.953125
43,20,0.17301472686231137,0.95
43,30,0.1529525861144066,0.959375
43,40,0.11701707150787115,0.96875
43,50,0.1974738322198391,0.9375
43,60,0.15627744402736427,0.9625
43,70,0.1784706249833107,0.953125
43,80,0.21260623075067997,0.940625
43,90,0.1667186226695776,0.94375
43,100,0.11840016208589077,0.965625
43,110,0.15786965377628803,0.946875
43,120,0.1473332080990076,0.95625
43,130,0.15855093896389008,0.95625
43,140,0.15377168878912925,0.953125
43,150,0.10563575029373169,0.96875
43,160,0.20789721086621285,0.946875
43,170,0.16753369607031346,0.95625
43,180,0.16249876674264668,0.953125
43,190,0.13380526304244994,0.959375
43,200,0.20529395304620265,0.95
43,210,0.14810201451182364,0.946875
43,220,0.1369590763002634,0.9625
43,230,0.17131646759808064,0.94375
43,240,0.08989338204264641,0.978125
43,250,0.15043934620916843,0.95
43,260,0.09547463562339545,0.975
43,270,0.16193613596260548,0.95625
43,280,0.13106956705451012,0.946875
43,290,0.14330410081893205,0.9625
43,300,0.1385626822710037,0.959375
44,10,0.0876471072435379,0.975
44,20,0.09838604666292668,0.978125
44,30,0.07600082270801067,0.98125
44,40,0.08644811362028122,0.971875
44,50,0.12564030922949315,0.971875
44,60,0.08990217335522174,0.96875
44,70,0.12776754423975945,0.965625
44,80,0.09265554398298263,0.984375
44,90,0.07279421538114547,0.971875
44,100,0.08385639376938343,0.978125
44,110,0.07180547248572111,0.978125
44,120,0.1119274515658617,0.96875
44,130,0.07989569567143917,0.975
44,140,0.11402862891554832,0.95625
44,150,0.0830926313996315,0.978125
44,160,0.1145688023418188,0.971875
44,170,0.14859039504081012,0.959375
44,180,0.11458665765821933,0.96875
44,190,0.12093672454357147,0.975
44,200,0.1416608788073063,0.95625
44,210,0.1133305225521326,0.971875
44,220,0.09500985071063042,0.978125
44,230,0.1060359999537468,0.96875
44,240,0.14121023416519166,0.953125
44,250,0.10481249541044235,0.965625
44,260,0.08900741450488567,0.978125
44,270,0.1300643865019083,0.96875
44,280,0.1694592535495758,0.953125
44,290,0.19045920968055724,0.925
44,300,0.14898797050118445,0.953125
45,10,0.12940519861876965,0.965625
45,20,0.11645542085170746,0.9625
45,30,0.13677571527659893,0.953125
45,40,0.17311788722872734,0.94375
45,50,0.1633872516453266,0.95625
45,60,0.13067295253276826,0.959375
45,70,0.10789815671741962,0.978125
45,80,0.14736575186252593,0.959375
45,90,0.13890181854367256,0.9625
45,100,0.15780545100569726,0.95
45,110,0.10066863037645817,0.978125
45,120,0.11283984035253525,0.959375
45,130,0.10698568373918534,0.95625
45,140,0.11477133110165597,0.965625
45,150,0.09533192701637745,0.96875
45,160,0.11253606416285038,0.971875
45,170,0.12037321664392948,0.9625
45,180,0.09431791994720698,0.975
45,190,0.12765961661934852,0.9625
45,200,0.11732280794531107,0.96875
45,210,0.08772150315344333,0.98125
45,220,0.09775144197046756,0.978125
45,230,0.18048524484038353,0.95
45,240,0.08172957357019187,0.978125
45,250,0.1466022428125143,0.95625
45,260,0.16545452643185854,0.953125
45,270,0.13201310783624648,0.965625
45,280,0.1038707796484232,0.978125
45,290,0.11674741134047509,0.96875
45,300,0.1368737190961838,0.953125
46,10,0.08628039807081223,0.971875
46,20,0.11650633327662945,0.95625
46,30,0.10020299255847931,0.965625
46,40,0.12701866626739503,0.971875
46,50,0.09192407187074422,0.978125
46,60,0.06029573325067759,0.9875
46,70,0.09109811037778855,0.96875
46,80,0.06986547764390708,0.990625
46,90,0.09054549913853407,0.96875
46,100,0.09606532789766789,0.965625
46,110,0.10076432898640633,0.975
46,120,0.13331820592284202,0.9625
46,130,0.08241613171994686,0.978125
46,140,0.13472136557102204,0.971875
46,150,0.06586437039077282,0.98125
46,160,0.08232233487069607,0.978125
46,170,0.08349053896963596,0.971875
46,180,0.10354223996400833,0.96875
46,190,0.07423738967627287,0.978125
46,200,0.15943609103560447,0.94375
46,210,0.12402374539524316,0.95625
46,220,0.14838687926530839,0.95625
46,230,0.18698950335383416,0.934375
46,240,0.11583535447716713,0.959375
46,250,0.13748738951981068,0.971875
46,260,0.09488925114274024,0.975
46,270,0.2635226357728243,0.934375
46,280,0.09324982557445764,0.96875
46,290,0.1188455991446972,0.975
46,300,0.11362319439649582,0.96875
47,10,0.10429198481142521,0.975
47,20,0.10256976336240768,0.975
47,30,0.12016461864113807,0.96875
47,40,0.13899619244039058,0.959375
47,50,0.10730984881520271,0.965625
47,60,0.1337798113003373,0.953125
47,70,0.12503223046660422,0.953125
47,80,0.10681484714150428,0.971875
47,90,0.1202819786965847,0.96875
47,100,0.15959947202354668,0.95
47,110,0.16948808990418912,0.971875
47,120,0.10394267179071903,0.959375
47,130,0.20357464477419854,0.934375
47,140,0.10109475627541542,0.971875
47,150,0.15783232152462007,0.953125
47,160,0.19589855000376702,0.93125
47,170,0.13341194428503514,0.95625
47,180,0.1600405156612396,0.953125
47,190,0.12515746839344502,0.971875
47,200,0.10333627089858055,0.965625
47,210,0.09217065237462521,0.971875
47,220,0.16696938388049604,0.953125
47,230,0.11228996552526951,0.965625
47,240,0.1005563858896494,0.975
47,250,0.11177088860422373,0.971875
47,260,0.07951462250202894,0.971875
47,270,0.10657003484666347,0.9625
47,280,0.1461356233805418,0.95
47,290,0.10748175662010909,0.971875
47,300,0.12293168678879737,0.971875
48,10,0.1343419447541237,0.95625
48,20,0.13722294941544533,0.95625
48,30,0.10477685630321502,0.971875
48,40,0.10626676753163337,0.965625
48,50,0.08574911821633577,0.984375
48,60,0.1088304916396737,0.96875
48,70,0.07923308461904525,0.98125
48,80,0.13630630690604448,0.971875
48,90,0.08284630477428437,0.98125
48,100,0.09824335053563119,0.971875
48,110,0.12166646011173725,0.96875
48,120,0.09500952642410994,0.96875
48,130,0.08659820351749659,0.975
48,140,0.08140206709504128,0.975
48,150,0.07891901414841414,0.984375
48,160,0.11269419901072979,0.96875
48,170,0.13409138694405556,0.9625
48,180,0.10815504398196936,0.959375
48,190,0.12237573564052581,0.9625
48,200,0.09947069017216563,0.96875
48,210,0.11980528440326452,0.95625
48,220,0.10897879730910062,0.975
48,230,0.15599459297955037,0.95625
48,240,0.07880588863044977,0.978125
48,250,0.06475682593882084,0.9875
48,260,0.0885023083537817,0.971875
48,270,0.09415143188089133,0.975
48,280,0.15016969293355942,0.959375
48,290,0.1684112146496773,0.953125
48,300,0.11644043698906899,0.9625
49,10,0.1428407769650221,0.9625
49,20,0.15627994798123837,0.95625
49,30,0.08873368576169013,0.98125
49,40,0.12232109978795051,0.95625
49,50,0.14536885619163514,0.953125
49,60,0.08828549925237894,0.98125
49,70,0.09267417024821042,0.978125
49,80,0.15709071308374406,0.965625
49,90,0.14543879292905332,0.959375
49,100,0.12035197988152505,0.9625
49,110,0.10989908017218113,0.965625
49,120,0.1399152897298336,0.946875
49,130,0.08666302915662527,0.975
49,140,0.10745810531079769,0.96875
49,150,0.13474145382642747,0.9625
49,160,0.09982219710946083,0.975
49,170,0.101656823605299,0.971875
49,180,0.11611884590238333,0.965625
49,190,0.09753125794231891,0.96875
49,200,0.10971525646746158,0.965625
49,210,0.14422998763620853,0.9625
49,220,0.10325286816805601,0.959375
49,230,0.15665386356413363,0.953125
49,240,0.10431768298149109,0.9625
49,250,0.22835496738553046,0.946875
49,260,0.17985872104763984,0.95
49,270,0.12418055534362793,0.95625
49,280,0.10741924345493317,0.978125
49,290,0.10334882736206055,0.971875
49,300,0.22103312201797962,0.934375
