0,10,3.6004281282424926,0.109375
0,20,3.0516823291778565,0.275
0,30,2.6883278131484984,0.3125
0,40,2.5902373075485228,0.3625
0,50,2.492760705947876,0.35625
0,60,2.199148917198181,0.4375
0,70,2.198263430595398,0.4375
0,80,2.3368765473365785,0.446875
0,90,2.0400023341178892,0.465625
0,100,1.9586422801017762,0.49375
0,110,2.0924923539161684,0.465625
0,120,2.008533751964569,0.459375
0,130,1.954378604888916,0.50625
0,140,1.968661093711853,0.50625
0,150,1.7872616410255433,0.5125
0,160,1.8074374198913574,0.534375
0,170,1.7953296899795532,0.534375
0,180,1.8398255467414857,0.490625
0,190,1.9016947269439697,0.49375
0,200,1.7927891492843628,0.528125
0,210,1.726712167263031,0.540625
0,220,1.87083443403244,0.475
0,230,1.7124359250068664,0.534375
0,240,1.7667088508605957,0.525
0,250,1.6514657974243163,0.54375
0,260,1.612668478488922,0.578125
0,270,1.6874274730682373,0.55
0,280,1.6403919458389282,0.54375
0,290,1.6471410632133483,0.584375
0,300,1.61402108669281,0.55
1,10,1.5448701620101928,0.55625
1,20,1.3797367453575133,0.640625
1,30,1.3863686203956604,0.6375
1,40,1.410004162788391,0.625
1,50,1.4491879224777222,0.625
1,60,1.497385948896408,0.60625
1,70,1.3738676309585571,0.590625
1,80,1.4520532846450807,0.615625
1,90,1.4675023436546326,0.59375
1,100,1.5969336867332458,0.5875
1,110,1.515401291847229,0.559375
1,120,1.2707217633724213,0.6625
1,130,1.333323884010315,0.665625
1,140,1.5270429491996764,0.55625
1,150,1.5545155167579652,0.5625
1,160,1.4083265483379364,0.625
1,170,1.43280770778656,0.590625
1,180,1.3927047967910766,0.59375
1,190,1.3637754201889039,0.621875
1,200,1.1742544770240784,0.6625
1,210,1.2865306913852692,0.621875
1,220,1.2433125138282777,0.621875
1,230,1.3111111104488373,0.634375
1,240,1.2532893002033234,0.646875
1,250,1.2665569186210632,0.65625
1,260,1.257476544380188,0.6375
1,270,1.250542014837265,0.621875
1,280,1.3655510425567627,0.6
1,290,1.167083889245987,0.696875
1,300,1.3178850352764129,0.60625
2,10,1.2912478864192962,0.646875
2,20,1.2249830424785615,0.646875
2,30,1.3091923117637634,0.621875
2,40,1.1378434896469116,0.7
2,50,1.3945101022720336,0.58125
2,60,1.124740207195282,0.71875
2,70,1.2998237013816833,0.64375
2,80,1.2494940638542176,0.646875
2,90,1.2471108138561249,0.671875
2,100,1.0623039484024048,0.6875
2,110,1.1487058699131012,0.665625
2,120,1.1298460721969605,0.66875
2,130,1.0416424036026002,0.721875
2,140,1.1442693769931793,0.671875
2,150,1.1122502982616425,0.70625
2,160,1.1907266616821288,0.69375
2,170,0.993766987323761,0.715625
2,180,1.0162378787994384,0.703125
2,190,0.9972644150257111,0.715625
2,200,1.073490160703659,0.715625
2,210,1.0333819031715392,0.715625
2,220,1.029079055786133,0.70625
2,230,1.104280561208725,0.690625
2,240,1.0145492613315583,0.715625
2,250,1.027494215965271,0.71875
2,260,1.0076866388320922,0.715625
2,270,1.2140573561191559,0.640625
2,280,1.1502203583717345,0.684375
2,290,1.1371739327907562,0.70625
2,300,1.128818291425705,0.709375
3,10,0.9297516167163848,0.725
3,20,0.9283507585525512,0.728125
3,30,0.9964472055435181,0.721875
3,40,0.9070375472307205,0.734375
3,50,0.9303349792957306,0.725
3,60,0.8410602152347565,0.75
3,70,0.921237725019455,0.73125
3,80,1.0614300191402435,0.721875
3,90,1.0227892398834229,0.7
3,100,1.0019148528575896,0.703125
3,110,0.9590139806270599,0.728125
3,120,0.8590775161981583,0.759375
3,130,0.8620621740818024,0.7625
3,140,0.8619455933570862,0.74375
3,150,0.8639846980571747,0.75625
3,160,1.0667768478393556,0.675
3,170,0.9756381809711456,0.70625
3,180,0.8561212718486786,0.790625
3,190,0.870699691772461,0.75
3,200,0.9219002962112427,0.75
3,210,0.826435649394989,0.759375
3,220,1.0470763802528382,0.703125
3,230,1.0664867222309113,0.696875
3,240,0.9425899118185044,0.73125
3,250,1.0145883679389953,0.703125
3,260,1.05454278588295,0.753125
3,270,1.124321210384369,0.6875
3,280,0.9713737726211548,0.73125
3,290,1.0019077956676483,0.70625
3,300,0.9140417635440826,0.765625
4,10,0.9636411726474762,0.7125
4,20,0.8516473263502121,0.75
4,30,0.9071404814720154,0.740625
4,40,0.9118816435337067,0.7125
4,50,0.8130194962024688,0.76875
4,60,0.8374160945415496,0.765625
4,70,0.8586110472679138,0.740625
4,80,0.8768707603216171,0.75
4,90,0.8588913083076477,0.75625
4,100,0.8516334235668183,0.746875
4,110,0.8550725162029267,0.73125
4,120,0.8497311055660248,0.78125
4,130,0.9049585580825805,0.734375
4,140,0.8475493431091309,0.75
4,150,0.9512892901897431,0.721875
4,160,0.8141769647598267,0.753125
4,170,0.7028109967708588,0.80625
4,180,0.7079093277454376,0.828125
4,190,0.7360429763793945,0.803125
4,200,0.7677908390760422,0.790625
4,210,0.7672257840633392,0.771875
4,220,0.7896019250154496,0.76875
4,230,0.8871781051158905,0.75
4,240,0.7786521464586258,0.765625
4,250,0.7777984082698822,0.759375
4,260,0.7750950336456299,0.78125
4,270,0.8394093632698059,0.746875
4,280,0.8366716027259826,0.7375
4,290,0.8322016090154648,0.778125
4,300,0.8323873937129974,0.765625
5,10,0.8320380210876465,0.753125
5,20,0.8677847385406494,0.753125
5,30,0.8896954178810119,0.74375
5,40,0.7301525890827179,0.78125
5,50,0.7450057893991471,0.775
5,60,0.7141838878393173,0.8125
5,70,0.8145176708698273,0.75625
5,80,0.8618367135524749,0.746875
5,90,0.6857809364795685,0.790625
5,100,0.8005799740552902,0.765625
5,110,0.9000156283378601,0.740625
5,120,0.8325011909008027,0.75
5,130,0.8960312157869339,0.740625
5,140,0.7460435122251511,0.78125
5,150,0.7697192013263703,0.76875
5,160,0.7866361260414123,0.78125
5,170,0.8002853393554688,0.765625
5,180,0.9446844696998596,0.728125
5,190,0.7746648222208024,0.7625
5,200,0.7084445267915725,0.8
5,210,0.6364334255456925,0.80625
5,220,0.7495698720216751,0.78125
5,230,0.6788126438856125,0.771875
5,240,0.679385244846344,0.7875
5,250,0.7948976635932923,0.79375
5,260,0.7506919741630554,0.790625
5,270,0.6587379813194275,0.821875
5,280,0.7082970410585403,0.7875
5,290,0.7312573194503784,0.809375
5,300,0.8126332730054855,0.771875
6,10,0.8518742024898529,0.759375
6,20,0.7919821441173553,0.775
6,30,0.7534550786018371,0.76875
6,40,0.8500950574874878,0.753125
6,50,0.7304383426904678,0.790625
6,60,0.6880585819482803,0.790625
6,70,0.6208162665367126,0.80625
6,80,0.6166486620903016,0.809375
6,90,0.774347573518753,0.8
6,100,0.6468389123678208,0.80625
6,110,0.769152182340622,0.8125
6,120,0.7175179839134216,0.778125
6,130,0.6261897534132004,0.803125
6,140,0.7209588259458541,0.775
6,150,0.6685590773820878,0.803125
6,160,0.5918923795223237,0.834375
6,170,0.8733919560909271,0.740625
6,180,0.6060294717550277,0.834375
6,190,0.6379507631063461,0.80625
6,200,0.6648538708686829,0.8125
6,210,0.6401170253753662,0.825
6,220,0.6190208703279495,0.828125
6,230,0.758661299943924,0.796875
6,240,0.6983666181564331,0.8125
6,250,0.704488143324852,0.76875
6,260,0.8006440252065659,0.765625
6,270,0.5902165114879608,0.840625
6,280,0.5969943881034852,0.81875
6,290,0.7346243411302567,0.775
6,300,0.6366900384426117,0.8125
7,10,0.5481258064508439,0.834375
7,20,0.6281908452510834,0.7875
7,30,0.6095560640096664,0.81875
7,40,0.6038988888263702,0.828125
7,50,0.694961541891098,0.80625
7,60,0.5835761934518814,0.828125
7,70,0.6336398988962173,0.796875
7,80,0.6097902774810791,0.79375
7,90,0.6450667560100556,0.7875
7,100,0.671709731221199,0.815625
7,110,0.6074355065822601,0.803125
7,120,0.6735996708273888,0.8
7,130,0.6160561740398407,0.821875
7,140,0.7283820688724518,0.796875
7,150,0.7085881114006043,0.7875
7,160,0.6481224715709686,0.809375
7,170,0.6845638602972031,0.78125
7,180,0.7890079766511917,0.775
7,190,0.6518642559647561,0.79375
7,200,0.6239364862442016,0.8125
7,210,0.5651743829250335,0.83125
7,220,0.7568430006504059,0.784375
7,230,0.4706267356872559,0.875
7,240,0.6468876034021378,0.79375
7,250,0.615424183011055,0.83125
7,260,0.5336667984724045,0.8375
7,270,0.5498583436012268,0.828125
7,280,0.7341192558407783,0.7875
7,290,0.6244460374116898,0.8125
7,300,0.6446016818284989,0.796875
8,10,0.657233914732933,0.8
8,20,0.7012446820735931,0.7875
8,30,0.6483978748321533,0.821875
8,40,0.6386495798826217,0.803125
8,50,0.6022478908300399,0.821875
8,60,0.5217215731739998,0.865625
8,70,0.5321849822998047,0.8375
8,80,0.4570088326931,0.865625
8,90,0.5356085687875748,0.828125
8,100,0.6095634818077087,0.815625
8,110,0.5733672946691513,0.825
8,120,0.5552950412034988,0.8375
8,130,0.5734965175390243,0.815625
8,140,0.6246880978345871,0.790625
8,150,0.6645552933216095,0.80625
8,160,0.5891983658075333,0.83125
8,170,0.5462560266256332,0.83125
8,180,0.5902088344097137,0.83125
8,190,0.5743082731962204,0.825
8,200,0.5586344093084336,0.83125
8,210,0.5853772908449173,0.83125
8,220,0.6311787605285645,0.809375
8,230,0.5481924444437027,0.83125
8,240,0.46731697022914886,0.878125
8,250,0.6433554202318191,0.821875
8,260,0.5920015662908554,0.821875
8,270,0.7110906511545181,0.771875
8,280,0.5923625513911247,0.825
8,290,0.637896454334259,0.78125
8,300,0.6886711627244949,0.81875
9,10,0.5638001665472985,0.821875
9,20,0.5817502290010452,0.834375
9,30,0.5559778571128845,0.8375
9,40,0.6337997645139695,0.79375
9,50,0.4349873334169388,0.878125
9,60,0.5534119859337807,0.8375
9,70,0.6170353084802628,0.825
9,80,0.5413062602281571,0.840625
9,90,0.4856788724660873,0.85625
9,100,0.5209290206432342,0.83125
9,110,0.507751739025116,0.840625
9,120,0.6321612149477005,0.834375
9,130,0.5605677992105484,0.828125
9,140,0.5489754289388656,0.871875
9,150,0.6091276675462722,0.825
9,160,0.5113500982522965,0.859375
9,170,0.658655223250389,0.809375
9,180,0.6405241549015045,0.80625
9,190,0.6237457931041718,0.78125
9,200,0.5205109596252442,0.84375
9,210,0.5706643998622895,0.828125
9,220,0.5051533102989196,0.846875
9,230,0.4875836580991745,0.875
9,240,0.5638325497508049,0.846875
9,250,0.47624818086624143,0.846875
9,260,0.5703703701496124,0.834375
9,270,0.599745762348175,0.809375
9,280,0.5616406470537185,0.85
9,290,0.5801682531833648,0.815625
9,300,0.6323574602603912,0.834375
10,10,0.6514268040657043,0.7875
10,20,0.5820803999900818,0.840625
10,30,0.5367117285728454,0.834375
10,40,0.5353123664855957,0.828125
10,50,0.5060056477785111,0.840625
10,60,0.4537988856434822,0.859375
10,70,0.5415444195270538,0.821875
10,80,0.5417147293686867,0.834375
10,90,0.5794016391038894,0.8125
10,100,0.564154788851738,0.859375
10,110,0.4880857184529305,0.8375
10,120,0.5468795090913773,0.825
10,130,0.5637682437896728,0.846875
10,140,0.5041264235973358,0.825
10,150,0.4552367448806763,0.85625
10,160,0.5419178172945976,0.81875
10,170,0.5292875021696091,0.86875
10,180,0.517047968506813,0.84375
10,190,0.5901934891939163,0.83125
10,200,0.5720100253820419,0.834375
10,210,0.5028092980384826,0.85
10,220,0.5434598952531815,0.865625
10,230,0.5031366929411888,0.85
10,240,0.4295853391289711,0.865625
10,250,0.6161050796508789,0.7875
10,260,0.5763774931430816,0.8
10,270,0.5354929998517036,0.859375
10,280,0.5307721495628357,0.85
10,290,0.5016200959682464,0.828125
10,300,0.5283390611410141,0.85
11,10,0.43937194645404815,0.86875
11,20,0.43380211144685743,0.859375
11,30,0.41659004986286163,0.8875
11,40,0.4330253303050995,0.875
11,50,0.6018297374248505,0.81875
11,60,0.4251559376716614,0.8625
11,70,0.5263729155063629,0.846875
11,80,0.5648371696472168,0.85
11,90,0.6110078364610672,0.8125
11,100,0.49907908141613005,0.83125
11,110,0.5207935720682144,0.865625
11,120,0.46314593553543093,0.85
11,130,0.5629025071859359,0.840625
11,140,0.4422227829694748,0.853125
11,150,0.38813098669052126,0.890625
11,160,0.45545659959316254,0.859375
11,170,0.46568024903535843,0.85625
11,180,0.5275671780109406,0.83125
11,190,0.5257152676582336,0.84375
11,200,0.4597076416015625,0.853125
11,210,0.5733930200338364,0.8125
11,220,0.5280198931694031,0.8125
11,230,0.4840417757630348,0.846875
11,240,0.5377703547477722,0.85625
11,250,0.4544873654842377,0.878125
11,260,0.6146720558404922,0.8125
11,270,0.6567136287689209,0.796875
11,280,0.5172158241271972,0.83125
11,290,0.5455498725175858,0.8375
11,300,0.5144330233335495,0.825
12,10,0.5614259257912636,0.821875
12,20,0.45270465314388275,0.8375
12,30,0.5429116487503052,0.8375
12,40,0.35705859661102296,0.8875
12,50,0.4834390088915825,0.85
12,60,0.4922663807868958,0.840625
12,70,0.5062571942806244,0.834375
12,80,0.5610781788825989,0.840625
12,90,0.44498578608036043,0.853125
12,100,0.5329847574234009,0.8375
12,110,0.5048736482858658,0.853125
12,120,0.4024750992655754,0.88125
12,130,0.5530102223157882,0.853125
12,140,0.486805260181427,0.8625
12,150,0.5655124217271805,0.821875
12,160,0.41793958842754364,0.8875
12,170,0.4590979993343353,0.8625
12,180,0.5448819905519485,0.8375
12,190,0.3600974351167679,0.89375
12,200,0.39929734766483305,0.878125
12,210,0.43672453463077543,0.859375
12,220,0.46762479543685914,0.846875
12,230,0.4231166735291481,0.8625
12,240,0.44881018102169035,0.875
12,250,0.4970832750201225,0.871875
12,260,0.49935542941093447,0.859375
12,270,0.4779398590326309,0.83125
12,280,0.5419021517038345,0.85
12,290,0.6117982119321823,0.825
12,300,0.5043403923511505,0.81875
13,10,0.4717797487974167,0.8625
13,20,0.5423578739166259,0.8125
13,30,0.44854203462600706,0.86875
13,40,0.5095940306782722,0.846875
13,50,0.34785223454236985,0.89375
13,60,0.4307172238826752,0.903125
13,70,0.4587912023067474,0.8625
13,80,0.461342354118824,0.865625
13,90,0.4577600181102753,0.853125
13,100,0.4015583902597427,0.89375
13,110,0.5888242989778518,0.809375
13,120,0.39211472272872927,0.890625
13,130,0.57088223695755,0.81875
13,140,0.4352820813655853,0.85
13,150,0.5114082098007202,0.853125
13,160,0.5484954416751862,0.8375
13,170,0.43393514752388,0.875
13,180,0.48124328404664996,0.85625
13,190,0.5175248801708221,0.84375
13,200,0.5340676724910736,0.853125
13,210,0.4715510055422783,0.865625
13,220,0.525976899266243,0.840625
13,230,0.5078891783952713,0.853125
13,240,0.6008758127689362,0.8
13,250,0.494917494058609,0.853125
13,260,0.4826991483569145,0.846875
13,270,0.5537823066115379,0.81875
13,280,0.4667787432670593,0.846875
13,290,0.43022802770137786,0.85
13,300,0.39223443120718005,0.8625
14,10,0.5086034625768662,0.84375
14,20,0.44017636477947236,0.875
14,30,0.45335598289966583,0.859375
14,40,0.3779802158474922,0.871875
14,50,0.3465823620557785,0.89375
14,60,0.5400089129805565,0.846875
14,70,0.4131983608007431,0.853125
14,80,0.44429505467414854,0.859375
14,90,0.3912528038024902,0.865625
14,100,0.4288666620850563,0.884375
14,110,0.5703450173139573,0.821875
14,120,0.5020906239748001,0.825
14,130,0.4706998780369759,0.8625
14,140,0.5580089539289474,0.834375
14,150,0.4764374405145645,0.840625
14,160,0.39419858902692795,0.88125
14,170,0.3673200637102127,0.89375
14,180,0.49470585882663726,0.84375
14,190,0.5198704242706299,0.8375
14,200,0.5104590088129044,0.8375
14,210,0.4577693670988083,0.85
14,220,0.45814114138484,0.871875
14,230,0.4763304844498634,0.8625
14,240,0.4056037038564682,0.890625
14,250,0.5177075132727623,0.815625
14,260,0.4409213587641716,0.875
14,270,0.41752505898475645,0.865625
14,280,0.42681899666786194,0.878125
14,290,0.4411068171262741,0.875
14,300,0.44862023591995237,0.859375
15,10,0.5096152901649476,0.834375
15,20,0.47339939028024675,0.871875
15,30,0.42182531356811526,0.878125
15,40,0.45111168920993805,0.88125
15,50,0.4015475481748581,0.859375
15,60,0.38399274498224256,0.89375
15,70,0.3340003043413162,0.896875
15,80,0.5262132525444031,0.83125
15,90,0.3644727110862732,0.890625
15,100,0.4760564610362053,0.83125
15,110,0.4202407389879227,0.871875
15,120,0.4438732214272022,0.86875
15,130,0.3870632737874985,0.865625
15,140,0.417052099108696,0.8625
15,150,0.45769885927438736,0.871875
15,160,0.46306402087211607,0.85
15,170,0.5859882950782775,0.853125
15,180,0.379814986884594,0.86875
15,190,0.40096962749958037,0.871875
15,200,0.539541807770729,0.83125
15,210,0.49289866983890535,0.871875
15,220,0.39596889913082123,0.884375
15,230,0.46493773609399797,0.85625
15,240,0.4349428042769432,0.86875
15,250,0.4549530208110809,0.875
15,260,0.3824357554316521,0.878125
15,270,0.3658187434077263,0.865625
15,280,0.4953410059213638,0.8625
15,290,0.3770854413509369,0.90625
15,300,0.5032470881938934,0.825
16,10,0.3828315421938896,0.878125
16,20,0.4725541517138481,0.8625
16,30,0.40625122785568235,0.884375
16,40,0.4262063905596733,0.875
16,50,0.49345233738422395,0.840625
16,60,0.38363438844680786,0.8875
16,70,0.4136058330535889,0.86875
16,80,0.3836772978305817,0.896875
16,90,0.38494381457567217,0.884375
16,100,0.3959341898560524,0.878125
16,110,0.34575832486152647,0.89375
16,120,0.399768540263176,0.871875
16,130,0.4671227693557739,0.8625
16,140,0.49628773927688596,0.853125
16,150,0.4164555802941322,0.8875
16,160,0.44054022133350373,0.871875
16,170,0.4136833488941193,0.846875
16,180,0.4310872882604599,0.875
16,190,0.36436817348003386,0.871875
16,200,0.4084223806858063,0.875
16,210,0.4313919186592102,0.859375
16,220,0.4794603824615479,0.8625
16,230,0.5145756751298904,0.840625
16,240,0.42637172937393186,0.8625
16,250,0.37980905920267105,0.89375
16,260,0.49519485533237456,0.853125
16,270,0.39387807101011274,0.89375
16,280,0.38755199909210203,0.878125
16,290,0.42841953635215757,0.86875
16,300,0.5395074099302292,0.825
17,10,0.39055877476930617,0.88125
17,20,0.4568053334951401,0.88125
17,30,0.4257600799202919,0.878125
17,40,0.3593571692705154,0.8875
17,50,0.35028223395347596,0.8875
17,60,0.44349868297576905,0.86875
17,70,0.4376447141170502,0.878125
17,80,0.4482364237308502,0.865625
17,90,0.4371462896466255,0.86875
17,100,0.42236349135637286,0.846875
17,110,0.36602375358343125,0.875
17,120,0.42133554220199587,0.875
17,130,0.35377746969461443,0.884375
17,140,0.29016466736793517,0.90625
17,150,0.3537926867604256,0.86875
17,160,0.348275238275528,0.9
17,170,0.4167155295610428,0.88125
17,180,0.34068040922284126,0.9
17,190,0.5123449027538299,0.853125
17,200,0.45402538776397705,0.859375
17,210,0.3974161595106125,0.878125
17,220,0.47834761440753937,0.834375
17,230,0.4159304708242416,0.871875
17,240,0.34708418846130373,0.890625
17,250,0.37585483491420746,0.884375
17,260,0.45954022705554964,0.871875
17,270,0.387372137606144,0.8875
17,280,0.3580666184425354,0.878125
17,290,0.40398088991642,0.878125
17,300,0.41294717192649844,0.853125
18,10,0.39868035167455673,0.8875
18,20,0.4748442813754082,0.84375
18,30,0.33100956678390503,0.903125
18,40,0.4343270242214203,0.846875
18,50,0.41051709055900576,0.884375
18,60,0.34686714261770246,0.890625
18,70,0.28977937921881675,0.903125
18,80,0.283337464928627,0.915625
18,90,0.33458430171012876,0.890625
18,100,0.37624173015356066,0.89375
18,110,0.36575801521539686,0.878125
18,120,0.39456330239772797,0.875
18,130,0.3593843564391136,0.86875
18,140,0.39166430085897447,0.875
18,150,0.4022772327065468,0.871875
18,160,0.4522272005677223,0.853125
18,170,0.3822859913110733,0.89375
18,180,0.5281012043356895,0.853125
18,190,0.35864697843790055,0.865625
18,200,0.35561188608407973,0.9125
18,210,0.44738233387470244,0.8625
18,220,0.324929815530777,0.8875
18,230,0.3526837110519409,0.89375
18,240,0.3890026167035103,0.878125
18,250,0.43278392106294633,0.85
18,260,0.35124531090259553,0.8875
18,270,0.3162268951535225,0.91875
18,280,0.3801767587661743,0.875
18,290,0.40515153408050536,0.896875
18,300,0.2934357553720474,0.915625
19,10,0.4486589804291725,0.86875
19,20,0.3992072969675064,0.871875
19,30,0.3728725418448448,0.896875
19,40,0.34694535583257674,0.89375
19,50,0.42404842376708984,0.88125
19,60,0.4140554487705231,0.884375
19,70,0.4306918442249298,0.865625
19,80,0.39075966030359266,0.8625
19,90,0.4267751395702362,0.871875
19,100,0.3739315792918205,0.8875
19,110,0.3978710263967514,0.875
19,120,0.28093250244855883,0.91875
19,130,0.41824540346860883,0.878125
19,140,0.31091814339160917,0.896875
19,150,0.3769707947969437,0.8875
19,160,0.32963993698358535,0.903125
19,170,0.30851513892412186,0.91875
19,180,0.35836212038993837,0.884375
19,190,0.5567479074001312,0.8375
19,200,0.33695809096097945,0.88125
19,210,0.3505059152841568,0.871875
19,220,0.3685480996966362,0.878125
19,230,0.4767707630991936,0.85625
19,240,0.42826434671878816,0.859375
19,250,0.4753309920430183,0.834375
19,260,0.4151248440146446,0.853125
19,270,0.4440851002931595,0.84375
19,280,0.49034022390842436,0.8375
19,290,0.3963331013917923,0.88125
19,300,0.3401146590709686,0.88125
20,10,0.3011260226368904,0.90625
20,20,0.3416044473648071,0.896875
20,30,0.39950951635837556,0.871875
20,40,0.2363635055720806,0.928125
20,50,0.38213095217943194,0.875
20,60,0.3058127984404564,0.89375
20,70,0.32702218145132067,0.9125
20,80,0.33510973006486894,0.8875
20,90,0.3765401765704155,0.88125
20,100,0.31362356096506117,0.9
20,110,0.41353060901165006,0.86875
20,120,0.3675021708011627,0.871875
20,130,0.3527597919106483,0.89375
20,140,0.38331071138381956,0.878125
20,150,0.3986986756324768,0.875
20,160,0.3426186054944992,0.890625
20,170,0.3959267929196358,0.871875
20,180,0.44330103173851965,0.8625
20,190,0.31969610303640367,0.909375
20,200,0.3327036589384079,0.8875
20,210,0.42211447954177855,0.865625
20,220,0.3717569999396801,0.896875
20,230,0.29957050532102586,0.903125
20,240,0.3159595474600792,0.89375
20,250,0.39217306971549987,0.878125
20,260,0.3615920454263687,0.89375
20,270,0.4547064885497093,0.8625
20,280,0.37514354959130286,0.896875
20,290,0.38001019060611724,0.890625
20,300,0.34401212483644483,0.90625
21,10,0.3654106050729752,0.89375
21,20,0.345944818854332,0.88125
21,30,0.41408403515815734,0.8625
21,40,0.3093966469168663,0.9
21,50,0.3895712450146675,0.88125
21,60,0.3616556957364082,0.8875
21,70,0.32148592323064806,0.9
21,80,0.3345278695225716,0.875
21,90,0.3494541898369789,0.9
21,100,0.29311513900756836,0.890625
21,110,0.35109042599797247,0.884375
21,120,0.2975218653678894,0.9
21,130,0.39943146109580996,0.890625
21,140,0.3058480776846409,0.9
21,150,0.29837381541728974,0.9125
21,160,0.36362495869398115,0.878125
21,170,0.36569379568099974,0.896875
21,180,0.30423191785812376,0.89375
21,190,0.3313521400094032,0.8875
21,200,0.38656179532408713,0.871875
21,210,0.358183816075325,0.89375
21,220,0.32633433640003207,0.896875
21,230,0.39457363337278367,0.884375
21,240,0.32865910083055494,0.9
21,250,0.3927677199244499,0.871875
21,260,0.31373153775930407,0.884375
21,270,0.3073617652058601,0.903125
21,280,0.3709843955934048,0.875
21,290,0.32138717025518415,0.9
21,300,0.3018802866339684,0.9125
22,10,0.40292405635118483,0.8875
22,20,0.3587817922234535,0.88125
22,30,0.40070302188396456,0.884375
22,40,0.3519770473241806,0.89375
22,50,0.39263975918293,0.88125
22,60,0.4037638664245605,0.88125
22,70,0.4452952161431313,0.846875
22,80,0.3305972218513489,0.90625
22,90,0.37480140924453736,0.8875
22,100,0.27572139278054236,0.93125
22,110,0.33067965507507324,0.878125
22,120,0.29856675639748576,0.915625
22,130,0.41874553710222245,0.875
22,140,0.363913094997406,0.8875
22,150,0.33482719361782076,0.878125
22,160,0.33016294687986375,0.903125
22,170,0.28265241980552674,0.896875
22,180,0.31111771911382674,0.909375
22,190,0.3642329603433609,0.871875
22,200,0.31574269384145737,0.9
22,210,0.3630768932402134,0.9
22,220,0.3346253573894501,0.9
22,230,0.4271289944648743,0.859375
22,240,0.3609751179814339,0.9
22,250,0.33446189761161804,0.89375
22,260,0.351085464656353,0.871875
22,270,0.40035917460918424,0.88125
22,280,0.3616853661835194,0.903125
22,290,0.3709562122821808,0.88125
22,300,0.40788625106215476,0.86875
23,10,0.34490944296121595,0.884375
23,20,0.4117477223277092,0.89375
23,30,0.35993067771196363,0.9
23,40,0.3500375047326088,0.9
23,50,0.26578541845083237,0.91875
23,60,0.3435888051986694,0.890625
23,70,0.2795982494950294,0.89375
23,80,0.3474788501858711,0.88125
23,90,0.3231470510363579,0.903125
23,100,0.272948345541954,0.915625
23,110,0.36038743853569033,0.903125
23,120,0.2541576214134693,0.925
23,130,0.4061804264783859,0.884375
23,140,0.36184147745370865,0.89375
23,150,0.2636095255613327,0.9125
23,160,0.3457323476672173,0.89375
23,170,0.3804716795682907,0.878125
23,180,0.38567783385515214,0.884375
23,190,0.29599169865250585,0.90625
23,200,0.34166307002305984,0.878125
23,210,0.3359266802668571,0.86875
23,220,0.350433261692524,0.9
23,230,0.28566526174545287,0.9
23,240,0.410211381316185,0.875
23,250,0.27347375750541686,0.915625
23,260,0.31009604334831237,0.903125
23,270,0.32826897501945496,0.884375
23,280,0.34558095484972,0.88125
23,290,0.29644755497574804,0.91875
23,300,0.3338681489229202,0.903125
24,10,0.22940565645694733,0.925
24,20,0.3049394376575947,0.915625
24,30,0.31771385595202445,0.896875
24,40,0.264944452047348,0.903125
24,50,0.22420326620340347,0.934375
24,60,0.2563092723488808,0.93125
24,70,0.29964545369148254,0.896875
24,80,0.3457842767238617,0.875
24,90,0.44982523918151857,0.865625
24,100,0.3134148225188255,0.909375
24,110,0.2831275284290314,0.921875
24,120,0.3047270640730858,0.89375
24,130,0.3221574515104294,0.91875
24,140,0.34101355224847796,0.903125
24,150,0.2828968927264214,0.915625
24,160,0.24687429517507553,0.925
24,170,0.24288700595498086,0.928125
24,180,0.3892075717449188,0.85625
24,190,0.33174438327550887,0.884375
24,200,0.38571409285068514,0.8875
24,210,0.3359575532376766,0.9
24,220,0.4335225820541382,0.85625
24,230,0.2982202239334583,0.909375
24,240,0.29729188606143,0.9
24,250,0.27006613090634346,0.91875
24,260,0.3058573782444,0.9125
24,270,0.33569469302892685,0.88125
24,280,0.4050720304250717,0.871875
24,290,0.3061015173792839,0.89375
24,300,0.4069765582680702,0.86875
25,10,0.33047324419021606,0.89375
25,20,0.267248572409153,0.915625
25,30,0.27834874019026756,0.909375
25,40,0.2361373148858547,0.925
25,50,0.22048284932971002,0.93125
25,60,0.3346580132842064,0.90625
25,70,0.26888715773820876,0.928125
25,80,0.2459926038980484,0.921875
25,90,0.36844486743211746,0.9
25,100,0.25525450259447097,0.921875
25,110,0.3052873283624649,0.89375
25,120,0.3256771504878998,0.8875
25,130,0.2719248443841934,0.903125
25,140,0.3059801638126373,0.896875
25,150,0.3156145945191383,0.90625
25,160,0.33772608637809753,0.8875
25,170,0.3339878529310226,0.89375
25,180,0.33892345130443574,0.9
25,190,0.24361470937728882,0.925
25,200,0.4726410508155823,0.84375
25,210,0.34522473737597464,0.884375
25,220,0.4335742384195328,0.871875
25,230,0.3804301038384438,0.884375
25,240,0.3413870111107826,0.878125
25,250,0.33264919370412827,0.909375
25,260,0.3431567169725895,0.89375
25,270,0.2903207942843437,0.90625
25,280,0.28490970134735105,0.925
25,290,0.3942139133810997,0.871875
25,300,0.36469401270151136,0.88125
26,10,0.22741760089993476,0.9375
26,20,0.2348977282643318,0.928125
26,30,0.3064262643456459,0.9
26,40,0.27646986693143843,0.909375
26,50,0.33010976016521454,0.909375
26,60,0.25506667271256445,0.9
26,70,0.28915065377950666,0.921875
26,80,0.3816549524664879,0.8625
26,90,0.2690911889076233,0.921875
26,100,0.30943035036325456,0.903125
26,110,0.3609095893800259,0.884375
26,120,0.23577796965837478,0.925
26,130,0.2599296420812607,0.915625
26,140,0.26873731464147566,0.915625
26,150,0.3296699568629265,0.90625
26,160,0.322204726934433,0.896875
26,170,0.23827558308839797,0.925
26,180,0.26310436576604845,0.928125
26,190,0.3106230318546295,0.90625
26,200,0.27506249845027925,0.925
26,210,0.3317367769777775,0.896875
26,220,0.2721432223916054,0.909375
26,230,0.2694749191403389,0.9
26,240,0.27632907778024673,0.9
26,250,0.2828565701842308,0.91875
26,260,0.27981567233800886,0.9125
26,270,0.3724183410406113,0.878125
26,280,0.2790332823991776,0.90625
26,290,0.3416484549641609,0.896875
26,300,0.31669270545244216,0.9125
27,10,0.38621293008327484,0.853125
27,20,0.3175890162587166,0.890625
27,30,0.2152025431394577,0.91875
27,40,0.29324066191911696,0.9
27,50,0.32764656841754913,0.90625
27,60,0.28558566272258756,0.921875
27,70,0.3011969342827797,0.903125
27,80,0.3148729920387268,0.89375
27,90,0.24680706784129142,0.925
27,100,0.2732887402176857,0.909375
27,110,0.2986213490366936,0.915625
27,120,0.24886418357491494,0.9125
27,130,0.26740625202655793,0.9375
27,140,0.32001051753759385,0.9
27,150,0.3136195831000805,0.89375
27,160,0.3300365760922432,0.878125
27,170,0.35461314469575883,0.884375
27,180,0.3254339933395386,0.9
27,190,0.24403507709503175,0.921875
27,200,0.2373480312526226,0.921875
27,210,0.3099169723689556,0.89375
27,220,0.36886617094278334,0.875
27,230,0.3182916074991226,0.90625
27,240,0.40314111560583116,0.875
27,250,0.3515109732747078,0.903125
27,260,0.3163993194699287,0.89375
27,270,0.31041248291730883,0.9
27,280,0.30470218509435654,0.89375
27,290,0.272346556186676,0.90625
27,300,0.4548389375209808,0.871875
28,10,0.30782615542411806,0.89375
28,20,0.24511603266000748,0.921875
28,30,0.2699161395430565,0.909375
28,40,0.2762411192059517,0.925
28,50,0.22267382740974426,0.921875
28,60,0.2741922475397587,0.9125
28,70,0.32429437935352323,0.8875
28,80,0.2513201966881752,0.915625
28,90,0.29407359957695006,0.903125
28,100,0.26807126104831697,0.89375
28,110,0.31206679046154023,0.90625
28,120,0.3386996954679489,0.884375
28,130,0.23128333687782288,0.93125
28,140,0.32145538069307805,0.90625
28,150,0.2888967752456665,0.9
28,160,0.2584079049527645,0.915625
28,170,0.24455621168017389,0.91875
28,180,0.3096576914191246,0.878125
28,190,0.38730057179927824,0.871875
28,200,0.27984916791319847,0.9125
28,210,0.25668083801865577,0.915625
28,220,0.23318576142191888,0.925
28,230,0.24468124583363532,0.915625
28,240,0.26415094956755636,0.921875
28,250,0.2692060761153698,0.915625
28,260,0.3482499152421951,0.85625
28,270,0.23261960595846176,0.9125
28,280,0.3264713563024998,0.89375
28,290,0.3645999163389206,0.8875
28,300,0.3312588848173618,0.89375
29,10,0.27780640572309495,0.9125
29,20,0.21650242432951927,0.915625
29,30,0.2726759687066078,0.903125
29,40,0.26764710918068885,0.915625
29,50,0.31868419498205186,0.89375
29,60,0.27843631580471995,0.909375
29,70,0.2616230592131615,0.921875
29,80,0.2675434648990631,0.915625
29,90,0.29366505742073057,0.925
29,100,0.29396860152482984,0.9125
29,110,0.2972013622522354,0.88125
29,120,0.2559348031878471,0.903125
29,130,0.2778901793062687,0.921875
29,140,0.28390065878629683,0.921875
29,150,0.2613607354462147,0.925
29,160,0.27094108909368514,0.921875
29,170,0.32773414105176923,0.9
29,180,0.22691818252205848,0.91875
29,190,0.32583641558885573,0.896875
29,200,0.25257646255195143,0.91875
29,210,0.27277396991848946,0.925
29,220,0.19172673150897027,0.93125
29,230,0.31511693596839907,0.896875
29,240,0.2785126715898514,0.91875
29,250,0.3337050423026085,0.89375
29,260,0.24082077592611312,0.928125
29,270,0.39995852261781695,0.875
29,280,0.29341672323644163,0.90625
29,290,0.32869369611144067,0.89375
29,300,0.3698201090097427,0.8875
30,10,0.3132171735167503,0.909375
30,20,0.39788040667772295,0.8875
30,30,0.27325497269630433,0.903125
30,40,0.3265306085348129,0.88125
30,50,0.31662741526961324,0.9
30,60,0.36816631257534027,0.8875
30,70,0.32587276920676234,0.890625
30,80,0.39875978231430054,0.871875
30,90,0.3383972644805908,0.8875
30,100,0.25212630406022074,0.928125
30,110,0.28164647072553634,0.921875
30,120,0.3210860028862953,0.89375
30,130,0.32506454959511755,0.884375
30,140,0.2938313134014606,0.903125
30,150,0.2730173826217651,0.928125
30,160,0.27248786240816114,0.903125
30,170,0.22840759605169297,0.9375
30,180,0.29173546433448794,0.9
30,190,0.3142686918377876,0.903125
30,200,0.3494385242462158,0.9
30,210,0.25611850768327715,0.91875
30,220,0.35356411933898924,0.8875
30,230,0.32109236195683477,0.896875
30,240,0.2773745134472847,0.91875
30,250,0.34074398428201674,0.890625
30,260,0.34183289408683776,0.871875
30,270,0.29973232969641683,0.9125
30,280,0.31300715655088424,0.9125
30,290,0.3006345182657242,0.909375
30,300,0.3355487108230591,0.90625
31,10,0.315766216814518,0.884375
31,20,0.3287721909582615,0.903125
31,30,0.2731320194900036,0.890625
31,40,0.3502073183655739,0.878125
31,50,0.21957600265741348,0.928125
31,60,0.29203532487154005,0.890625
31,70,0.2340538889169693,0.91875
31,80,0.23233004584908484,0.91875
31,90,0.28636194840073587,0.909375
31,100,0.19211659729480743,0.953125
31,110,0.25341026708483694,0.921875
31,120,0.25650044083595275,0.921875
31,130,0.22349679321050644,0.925
31,140,0.28675554841756823,0.909375
31,150,0.2568612150847912,0.909375
31,160,0.2935428947210312,0.88125
31,170,0.19495605900883675,0.94375
31,180,0.26484415456652644,0.8875
31,190,0.24141520634293556,0.934375
31,200,0.34059664234519005,0.88125
31,210,0.2224181465804577,0.9375
31,220,0.25785444900393484,0.909375
31,230,0.299503593146801,0.903125
31,240,0.2351114958524704,0.9125
31,250,0.30995360761880875,0.9
31,260,0.26235823333263397,0.921875
31,270,0.2763573363423347,0.9
31,280,0.32217606753110883,0.90625
31,290,0.2926744148135185,0.9
31,300,0.3137228459119797,0.915625
32,10,0.21687920913100242,0.928125
32,20,0.2988939195871353,0.9125
32,30,0.22956207022070885,0.91875
32,40,0.333822076022625,0.8875
32,50,0.1924130879342556,0.91875
32,60,0.1862660489976406,0.9375
32,70,0.3931421585381031,0.884375
32,80,0.2770447194576263,0.896875
32,90,0.3116240158677101,0.896875
32,100,0.21201873198151588,0.934375
32,110,0.25245351195335386,0.925
32,120,0.2427191749215126,0.921875
32,130,0.28853828758001326,0.90625
32,140,0.30294075012207033,0.896875
32,150,0.179445581138134,0.940625
32,160,0.31202745288610456,0.878125
32,170,0.2574632942676544,0.9125
32,180,0.3428846880793571,0.896875
32,190,0.23357955664396285,0.921875
32,200,0.33136855363845824,0.896875
32,210,0.25820408537983897,0.9125
32,220,0.31134362816810607,0.903125
32,230,0.2758877471089363,0.9125
32,240,0.21793217211961746,0.934375
32,250,0.21529679372906685,0.93125
32,260,0.36335916481912134,0.878125
32,270,0.21423154920339585,0.9375
32,280,0.29396313726902007,0.90625
32,290,0.33969263583421705,0.9
32,300,0.2637094408273697,0.934375
33,10,0.24576293751597406,0.91875
33,20,0.2338047817349434,0.93125
33,30,0.25369764789938926,0.9125
33,40,0.21085210591554643,0.928125
33,50,0.2227001279592514,0.925
33,60,0.21711211428046226,0.928125
33,70,0.27271760404109957,0.909375
33,80,0.19125534519553183,0.9375
33,90,0.2583825245499611,0.903125
33,100,0.2608054861426353,0.925
33,110,0.2243746966123581,0.9375
33,120,0.23699201717972757,0.90625
33,130,0.30736923813819883,0.890625
33,140,0.19958218559622765,0.934375
33,150,0.2854361832141876,0.9125
33,160,0.26814457923173907,0.91875
33,170,0.2183021403849125,0.921875
33,180,0.23026027381420136,0.928125
33,190,0.267740523815155,0.925
33,200,0.31041398346424104,0.89375
33,210,0.21417976804077626,0.91875
33,220,0.23236734569072723,0.925
33,230,0.28064275309443476,0.903125
33,240,0.2147829458117485,0.93125
33,250,0.3360614702105522,0.884375
33,260,0.27517892718315123,0.903125
33,270,0.2671258509159088,0.90625
33,280,0.27116924449801444,0.90625
33,290,0.33350448235869407,0.9
33,300,0.2753376543521881,0.903125
34,10,0.26050383895635604,0.921875
34,20,0.23975677266716958,0.93125
34,30,0.25144723281264303,0.915625
34,40,0.34514539539813993,0.9
34,50,0.24926749169826506,0.921875
34,60,0.24050724133849144,0.91875
34,70,0.25565575063228607,0.921875
34,80,0.25393169075250627,0.915625
34,90,0.20772931426763536,0.9375
34,100,0.22955733463168143,0.921875
34,110,0.2820690035820007,0.90625
34,120,0.22904209718108176,0.93125
34,130,0.26062129586935046,0.91875
34,140,0.2727430507540703,0.915625
34,150,0.20754368901252745,0.928125
34,160,0.2601274147629738,0.915625
34,170,0.3207692191004753,0.915625
34,180,0.23694385588169098,0.921875
34,190,0.22629175782203675,0.925
34,200,0.2939490847289562,0.925
34,210,0.2928920388221741,0.9125
34,220,0.2450769916176796,0.94375
34,230,0.2083125427365303,0.928125
34,240,0.2313783086836338,0.93125
34,250,0.23537228778004646,0.93125
34,260,0.29762146472930906,0.871875
34,270,0.26906755566596985,0.903125
34,280,0.25385183170437814,0.909375
34,290,0.22365705147385598,0.93125
34,300,0.23854943364858627,0.91875
35,10,0.17915043607354164,0.93125
35,20,0.23848272114992142,0.915625
35,30,0.2523256249725819,0.925
35,40,0.2666843175888062,0.91875
35,50,0.21752555072307586,0.921875
35,60,0.24631273671984671,0.909375
35,70,0.24006771445274352,0.915625
35,80,0.2650555305182934,0.903125
35,90,0.22779382914304733,0.925
35,100,0.2147515706717968,0.91875
35,110,0.23974715992808343,0.93125
35,120,0.22430169880390166,0.921875
35,130,0.22234740927815438,0.9375
35,140,0.2507802903652191,0.9125
35,150,0.2872707925736904,0.909375
35,160,0.3311957150697708,0.903125
35,170,0.2650024265050888,0.921875
35,180,0.2387280784547329,0.928125
35,190,0.23741549998521805,0.940625
35,200,0.23602391928434371,0.93125
35,210,0.25673528462648393,0.9125
35,220,0.29170402735471723,0.903125
35,230,0.2580158770084381,0.909375
35,240,0.20922641307115555,0.934375
35,250,0.18130436465144156,0.940625
35,260,0.3092611715197563,0.89375
35,270,0.2751444771885872,0.925
35,280,0.2567128699272871,0.921875
35,290,0.2785624019801617,0.903125
35,300,0.21839317977428435,0.928125
36,10,0.27505133748054506,0.925
36,20,0.2226599670946598,0.934375
36,30,0.22994131445884705,0.915625
36,40,0.2306749287992716,0.934375
36,50,0.22012337669730186,0.934375
36,60,0.25061801448464394,0.903125
36,70,0.2748221233487129,0.921875
36,80,0.18360623195767403,0.9375
36,90,0.22575442865490913,0.925
36,100,0.21946037635207177,0.921875
36,110,0.23444077447056771,0.946875
36,120,0.266495518386364,0.9125
36,130,0.20579010099172593,0.925
36,140,0.19935581870377064,0.93125
36,150,0.22330169826745988,0.925
36,160,0.27295962572097776,0.9125
36,170,0.1735854223370552,0.94375
36,180,0.24968910366296768,0.90625
36,190,0.29179511964321136,0.903125
36,200,0.24018059819936752,0.915625
36,210,0.25538311153650284,0.925
36,220,0.21240385696291925,0.940625
36,230,0.21037160009145736,0.946875
36,240,0.23225697576999665,0.928125
36,250,0.23116678595542908,0.91875
36,260,0.25725953951478003,0.903125
36,270,0.22907755598425866,0.928125
36,280,0.1893768772482872,0.95625
36,290,0.26194081604480746,0.903125
36,300,0.2695266082882881,0.915625
37,10,0.18348759040236473,0.940625
37,20,0.2286783240735531,0.93125
37,30,0.2186439484357834,0.921875
37,40,0.22767332643270494,0.91875
37,50,0.2098784126341343,0.9375
37,60,0.19396960362792015,0.93125
37,70,0.29040093570947645,0.90625
37,80,0.26010110825300214,0.909375
37,90,0.23333540335297584,0.940625
37,100,0.19209184646606445,0.94375
37,110,0.28597124516963957,0.921875
37,120,0.23006147481501102,0.91875
37,130,0.2140298902988434,0.921875
37,140,0.19563830830156803,0.940625
37,150,0.23942239284515382,0.925
37,160,0.2125479556620121,0.94375
37,170,0.24300501495599747,0.9125
37,180,0.250317645072937,0.91875
37,190,0.20153121948242186,0.928125
37,200,0.2515403479337692,0.90625
37,210,0.17678899988532065,0.93125
37,220,0.1948571875691414,0.94375
37,230,0.33311753123998644,0.88125
37,240,0.22658283039927482,0.91875
37,250,0.3131988227367401,0.88125
37,260,0.29005792289972304,0.928125
37,270,0.27842664420604707,0.909375
37,280,0.2585372574627399,0.921875
37,290,0.22162828594446182,0.91875
37,300,0.20902601778507232,0.928125
38,10,0.2795677572488785,0.915625
38,20,0.16802092269062996,0.94375
38,30,0.20468253791332244,0.91875
38,40,0.284968963265419,0.909375
38,50,0.26454541087150574,0.90625
38,60,0.23540794625878333,0.9125
38,70,0.2313913471996784,0.925
38,80,0.20842235684394836,0.9375
38,90,0.33365427032113076,0.90625
38,100,0.2530941367149353,0.91875
38,110,0.20609045624732972,0.946875
38,120,0.27593288719654085,0.925
38,130,0.2375671945512295,0.928125
38,140,0.25826228260993955,0.91875
38,150,0.20782230980694294,0.93125
38,160,0.25049360245466235,0.921875
38,170,0.2282188728451729,0.925
38,180,0.27271874994039536,0.925
38,190,0.20543336495757103,0.953125
38,200,0.24578780978918074,0.91875
38,210,0.21498545184731482,0.925
38,220,0.22552415058016778,0.94375
38,230,0.24362386018037796,0.9125
38,240,0.26482733637094497,0.915625
38,250,0.24370478838682175,0.921875
38,260,0.2393125981092453,0.9375
38,270,0.29454649686813356,0.925
38,280,0.2516023233532906,0.928125
38,290,0.20287122651934625,0.93125
38,300,0.27736806198954583,0.9
39,10,0.15936806946992874,0.95
39,20,0.26144914925098417,0.915625
39,30,0.2584309414029121,0.9
39,40,0.1881112962961197,0.934375
39,50,0.19310387670993806,0.940625
39,60,0.24416666552424432,0.93125
39,70,0.21546264737844467,0.93125
39,80,0.20731030255556107,0.928125
39,90,0.16553867757320403,0.95
39,100,0.2591711364686489,0.9375
39,110,0.23872238546609878,0.915625
39,120,0.2529424011707306,0.909375
39,130,0.19433839321136476,0.9375
39,140,0.20838914960622787,0.934375
39,150,0.21894884370267392,0.94375
39,160,0.2754592500627041,0.909375
39,170,0.20644089579582214,0.9375
39,180,0.2614726796746254,0.9
39,190,0.2253986421972513,0.9375
39,200,0.2378195494413376,0.91875
39,210,0.25992982685565946,0.91875
39,220,0.228876893222332,0.928125
39,230,0.17720108702778817,0.946875
39,240,0.25952981412410736,0.921875
39,250,0.2410695467144251,0.91875
39,260,0.18114621490240096,0.940625
39,270,0.26977566778659823,0.909375
39,280,0.24201096966862679,0.921875
39,290,0.17862086817622186,0.940625
39,300,0.2078021250665188,0.93125
40,10,0.16830077208578587,0.940625
40,20,0.18362905383110045,0.953125
40,30,0.23524879179894925,0.928125
40,40,0.18225659653544427,0.94375
40,50,0.20003150701522826,0.946875
40,60,0.24450139999389647,0.934375
40,70,0.20640514940023422,0.94375
40,80,0.2094956323504448,0.934375
40,90,0.2357339709997177,0.925
40,100,0.1685322668403387,0.95
40,110,0.19898566976189613,0.940625
40,120,0.17783916965126992,0.934375
40,130,0.23326167687773705,0.928125
40,140,0.2759389869868755,0.9125
40,150,0.19666345417499542,0.9375
40,160,0.24085935801267624,0.915625
40,170,0.1731254868209362,0.95
40,180,0.20977335833013058,0.9375
40,190,0.27067396864295007,0.9125
40,200,0.2604046821594238,0.921875
40,210,0.2693290144205093,0.9125
40,220,0.32427243441343306,0.915625
40,230,0.18170088529586792,0.940625
40,240,0.2086853951215744,0.93125
40,250,0.22608539462089539,0.91875
40,260,0.20609628558158874,0.940625
40,270,0.21748580634593964,0.93125
40,280,0.22993924766778945,0.9375
40,290,0.16462855264544488,0.95625
40,300,0.15450920537114143,0.953125
41,10,0.24452138990163802,0.91875
41,20,0.22550300806760787,0.915625
41,30,0.2861487552523613,0.9
41,40,0.2143653616309166,0.925
41,50,0.2134404867887497,0.9375
41,60,0.21418084502220153,0.928125
41,70,0.14858695566654206,0.95
41,80,0.2883475348353386,0.89375
41,90,0.206833428889513,0.93125
41,100,0.19531877413392068,0.946875
41,110,0.24016074910759927,0.909375
41,120,0.2810465082526207,0.903125
41,130,0.15979617200791835,0.946875
41,140,0.2631798185408115,0.93125
41,150,0.25415915846824644,0.91875
41,160,0.26084610521793367,0.90625
41,170,0.1798529878258705,0.9375
41,180,0.27432397231459615,0.90625
41,190,0.19490714818239213,0.940625
41,200,0.15968632847070693,0.95625
41,210,0.22040484175086023,0.91875
41,220,0.2697657622396946,0.9
41,230,0.1794128783047199,0.925
41,240,0.2585466679185629,0.91875
41,250,0.20746657103300095,0.934375
41,260,0.26135473772883416,0.928125
41,270,0.19314412139356135,0.9375
41,280,0.20574173629283904,0.94375
41,290,0.2204201564192772,0.934375
41,300,0.25132417902350423,0.921875
42,10,0.19317963048815728,0.9375
42,20,0.2632387690246105,0.909375
42,30,0.29102738276124,0.915625
42,40,0.20808535516262056,0.928125
42,50,0.2533832497894764,0.921875
42,60,0.18022890612483025,0.940625
42,70,0.20637393929064274,0.925
42,80,0.18926966786384583,0.946875
42,90,0.30549090504646303,0.91875
42,100,0.2311971254646778,0.934375
42,110,0.18784535452723503,0.934375
42,120,0.18717016279697418,0.93125
42,130,0.22209933027625084,0.928125
42,140,0.24940019212663173,0.91875
42,150,0.14545203410089017,0.94375
42,160,0.1998049572110176,0.946875
42,170,0.19884113296866418,0.93125
42,180,0.2518048256635666,0.915625
42,190,0.19968592002987862,0.946875
42,200,0.23278218880295753,0.928125
42,210,0.2014475181698799,0.934375
42,220,0.18191972449421884,0.934375
42,230,0.1347442962229252,0.96875
42,240,0.23702751621603965,0.921875
42,250,0.1986470900475979,0.940625
42,260,0.23658124804496766,0.925
42,270,0.16244129799306392,0.94375
42,280,0.30513177067041397,0.9
42,290,0.2594097971916199,0.90625
42,300,0.16742510311305522,0.94375
43,10,0.22598128989338875,0.9375
43,20,0.2559974633157253,0.91875
43,30,0.19507600665092467,0.93125
43,40,0.20573008432984352,0.940625
43,50,0.18621266707777978,0.934375
43,60,0.1847735472023487,0.94375
43,70,0.27142158448696135,0.934375
43,80,0.23965569883584975,0.93125
43,90,0.2699680984020233,0.909375
43,100,0.19787406399846078,0.934375
43,110,0.2546074740588665,0.909375
43,120,0.22814883515238762,0.928125
43,130,0.21436988562345505,0.9375
43,140,0.1950314473360777,0.9375
43,150,0.20621362030506135,0.921875
43,160,0.17231291458010672,0.94375
43,170,0.18313491195440293,0.959375
43,180,0.23828105479478837,0.91875
43,190,0.18092147782444953,0.9375
43,200,0.17117106318473815,0.9375
43,210,0.19435938224196433,0.946875
43,220,0.21004408188164234,0.93125
43,230,0.1794672466814518,0.95
43,240,0.19910469129681588,0.940625
43,250,0.14952649734914303,0.94375
43,260,0.209756600856781,0.93125
43,270,0.19964288100600242,0.940625
43,280,0.24505853578448294,0.93125
43,290,0.24158150404691697,0.925
43,300,0.21768958270549774,0.928125
44,10,0.13390398547053337,0.9625
44,20,0.22448133304715157,0.915625
44,30,0.17475564777851105,0.9375
44,40,0.19272709712386132,0.9375
44,50,0.16263247653841972,0.940625
44,60,0.1791519246995449,0.94375
44,70,0.18652729243040084,0.93125
44,80,0.21994790360331534,0.91875
44,90,0.2011608138680458,0.934375
44,100,0.22000188156962394,0.934375
44,110,0.21942786462605,0.928125
44,120,0.2058268442749977,0.925
44,130,0.16986861526966096,0.946875
44,140,0.2607171766459942,0.9125
44,150,0.2816578149795532,0.915625
44,160,0.25383286699652674,0.909375
44,170,0.23972293585538865,0.91875
44,180,0.23868215084075928,0.91875
44,190,0.1531253784894943,0.959375
44,200,0.21324127167463303,0.93125
44,210,0.2175825394690037,0.91875
44,220,0.19151688665151595,0.9375
44,230,0.19291599839925766,0.934375
44,240,0.2260973982512951,0.921875
44,250,0.17360509764403104,0.946875
44,260,0.2168194495141506,0.928125
44,270,0.17594293653964996,0.940625
44,280,0.22240797877311708,0.921875
44,290,0.20530937984585762,0.94375
44,300,0.16211633533239364,0.946875
45,10,0.21652908325195314,0.95
45,20,0.14793317541480064,0.94375
45,30,0.19057686775922775,0.94375
45,40,0.18050960637629032,0.94375
45,50,0.32456140890717505,0.909375
45,60,0.15769687555730344,0.934375
45,70,0.16100007966160773,0.95
45,80,0.21638787239789964,0.921875
45,90,0.18620230294764042,0.93125
45,100,0.21983487159013748,0.9125
45,110,0.22536523826420307,0.921875
45,120,0.19564668647944927,0.93125
45,130,0.2004644900560379,0.928125
45,140,0.21185525618493556,0.925
45,150,0.15921567119657992,0.946875
45,160,0.1472928561270237,0.946875
45,170,0.17369149029254913,0.946875
45,180,0.319048248231411,0.91875
45,190,0.23754917159676553,0.909375
45,200,0.1898464597761631,0.94375
45,210,0.2422578826546669,0.915625
45,220,0.24173444435000419,0.928125
45,230,0.25015056878328323,0.91875
45,240,0.19458250924944878,0.94375
45,250,0.16913208812475206,0.94375
45,260,0.16176811531186103,0.95625
45,270,0.1687921557575464,0.953125
45,280,0.19071141369640826,0.9375
45,290,0.2171742208302021,0.93125
45,300,0.21939158216118812,0.940625
46,10,0.14499022997915745,0.975
46,20,0.15627645552158356,0.940625
46,30,0.15314526855945587,0.946875
46,40,0.14506155997514725,0.946875
46,50,0.13079754114151002,0.9625
46,60,0.2261013239622116,0.928125
46,70,0.14099602550268173,0.95
46,80,0.17258660942316056,0.93125
46,90,0.16150620430707932,0.946875
46,100,0.15238742120563983,0.95
46,110,0.20641856752336024,0.928125
46,120,0.1474520307034254,0.95625
46,130,0.25212346240878103,0.921875
46,140,0.24371262043714523,0.9125
46,150,0.2596322886645794,0.9125
46,160,0.25496105253696444,0.91875
46,170,0.18569373041391374,0.9375
46,180,0.20414079651236533,0.9375
46,190,0.1843651793897152,0.953125
46,200,0.17408055029809474,0.940625
46,210,0.14887620210647584,0.95
46,220,0.19256679490208625,0.9375
46,230,0.19364216178655624,0.921875
46,240,0.1881704196333885,0.9375
46,250,0.2047580361366272,0.928125
46,260,0.19292037189006805,0.95
46,270,0.18972836285829545,0.9375
46,280,0.24910120144486428,0.915625
46,290,0.26909961849451064,0.9125
46,300,0.2021465852856636,0.946875
47,10,0.19383460730314256,0.915625
47,20,0.12600626610219479,0.965625
47,30,0.17717079520225526,0.91875
47,40,0.10874566361308098,0.96875
47,50,0.17707672193646432,0.95
47,60,0.1745402507483959,0.953125
47,70,0.15259348899126052,0.95625
47,80,0.1946719028055668,0.928125
47,90,0.21657947674393654,0.9375
47,100,0.09972777403891087,0.978125
47,110,0.17545173615217208,0.934375
47,120,0.17095781564712526,0.940625
47,130,0.17624437734484671,0.94375
47,140,0.17912451922893524,0.934375
47,150,0.2500147558748722,0.928125
47,160,0.17105991765856743,0.93125
47,170,0.22416203543543817,0.925
47,180,0.22188046835362912,0.934375
47,190,0.15171374455094339,0.946875
47,200,0.24578550308942795,0.928125
47,210,0.19282037615776063,0.928125
47,220,0.16968102306127547,0.946875
47,230,0.13215418308973312,0.9625
47,240,0.21360468305647373,0.928125
47,250,0.24056412726640702,0.921875
47,260,0.16482103317976,0.953125
47,270,0.19800683557987214,0.93125
47,280,0.19373177811503411,0.9375
47,290,0.22643499821424484,0.903125
47,300,0.208133327960968,0.921875
48,10,0.1962605021893978,0.940625
48,20,0.1394487924873829,0.953125
48,30,0.1510047633200884,0.953125
48,40,0.14538149386644364,0.959375
48,50,0.12528189457952976,0.9625
48,60,0.12322018705308438,0.959375
48,70,0.1872426185756922,0.94375
48,80,0.18623494319617748,0.94375
48,90,0.2325286366045475,0.925
48,100,0.1668808801099658,0.95625
48,110,0.15110906977206467,0.946875
48,120,0.25157521814107897,0.9125
48,130,0.14442045167088507,0.95
48,140,0.24910812452435493,0.928125
48,150,0.20397706776857377,0.94375
48,160,0.19046240784227847,0.925
48,170,0.22150693461298943,0.928125
48,180,0.21512100622057914,0.93125
48,190,0.19743995666503905,0.93125
48,200,0.17668152339756488,0.9375
48,210,0.16395579650998116,0.9375
48,220,0.1774596594274044,0.93125
48,230,0.16379454657435416,0.95
48,240,0.2863293200731277,0.90625
48,250,0.20644752569496633,0.93125
48,260,0.274705171585083,0.90625
48,270,0.27262702472507955,0.915625
48,280,0.2179713137447834,0.91875
48,290,0.21282054483890533,0.93125
48,300,0.2486289966851473,0.934375
49,10,0.23771284967660905,0.925
49,20,0.29179778695106506,0.896875
49,30,0.20637426897883415,0.940625
49,40,0.31607515215873716,0.9
49,50,0.22568347081542015,0.928125
49,60,0.23076385408639907,0.915625
49,70,0.1883484698832035,0.934375
49,80,0.19991026893258096,0.934375
49,90,0.20476864464581013,0.928125
49,100,0.1756150618195534,0.934375
49,110,0.1564075879752636,0.953125
49,120,0.1887201689183712,0.934375
49,130,0.18591063767671584,0.94375
49,140,0.17338439002633094,0.94375
49,150,0.15991190299391747,0.946875
49,160,0.16028768830001355,0.94375
49,170,0.1913658870384097,0.946875
49,180,0.144698628783226,0.953125
49,190,0.21916362643241882,0.93125
49,200,0.21220423504710198,0.95
49,210,0.19710464850068093,0.9375
49,220,0.17173331826925278,0.934375
49,230,0.16311269551515578,0.94375
49,240,0.21136839985847472,0.940625
49,250,0.1459753431379795,0.953125
49,260,0.1869112640619278,0.93125
49,270,0.23586706221103668,0.925
49,280,0.20593153685331345,0.921875
49,290,0.20720981135964395,0.9375
49,300,0.15351444855332375,0.940625
