0,10,3.4827368021011353,0.14375
0,20,3.095272588729858,0.271875
0,30,2.821600079536438,0.315625
0,40,2.6801344871521,0.3875
0,50,2.411317729949951,0.41875
0,60,2.280479335784912,0.421875
0,70,2.3416949987411497,0.4125
0,80,2.279512333869934,0.4375
0,90,2.2036702990531922,0.390625
0,100,2.04299281835556,0.496875
0,110,2.0256060123443604,0.49375
0,120,2.077675437927246,0.446875
0,130,1.9558420419692992,0.478125
0,140,1.809099054336548,0.5
0,150,1.9616922855377197,0.478125
0,160,1.7110241413116456,0.55625
0,170,1.7918339610099792,0.534375
0,180,1.6784056067466735,0.546875
0,190,1.6762403130531311,0.546875
0,200,1.678570556640625,0.51875
0,210,1.8293814063072205,0.534375
0,220,1.647838866710663,0.546875
0,230,1.595891010761261,0.565625
0,240,1.7815191745758057,0.509375
0,250,1.591266894340515,0.546875
0,260,1.3359357833862304,0.65
0,270,1.4676749944686889,0.625
0,280,1.6537994980812072,0.528125
0,290,1.5154735565185546,0.609375
0,300,1.4863117694854737,0.584375
1,10,1.4421787142753602,0.58125
1,20,1.3236575841903686,0.61875
1,30,1.4455511331558228,0.584375
1,40,1.2668366849422454,0.690625
1,50,1.353195345401764,0.6
1,60,1.53056800365448,0.56875
1,70,1.4288034915924073,0.615625
1,80,1.3065747797489167,0.596875
1,90,1.3633503675460816,0.646875
1,100,1.3693457126617432,0.6375
1,110,1.2937562465667725,0.65625
1,120,1.139841502904892,0.70625
1,130,1.29944669008255,0.671875
1,140,1.346106117963791,0.603125
1,150,1.1741105437278747,0.6375
1,160,1.240481162071228,0.6625
1,170,1.3306113481521606,0.609375
1,180,1.229930144548416,0.63125
1,190,1.1985980212688445,0.65
1,200,1.2983948111534118,0.634375
1,210,1.1176538288593292,0.678125
1,220,1.3513076782226563,0.646875
1,230,1.0133933126926422,0.746875
1,240,1.0410816192626953,0.70625
1,250,1.2551483273506165,0.640625
1,260,1.1779864311218262,0.678125
1,270,1.0243388414382935,0.74375
1,280,1.0870872259140014,0.7
1,290,1.0896172225475311,0.753125
1,300,1.1358800649642944,0.66875
2,10,1.1919226169586181,0.653125
2,20,1.068218356370926,0.69375
2,30,0.9140989363193512,0.753125
2,40,1.0921148478984832,0.709375
2,50,1.0060745894908905,0.71875
2,60,1.0648120105266572,0.7
2,70,0.9869539082050324,0.70625
2,80,0.9605957925319671,0.7375
2,90,0.9474551141262054,0.75
2,100,0.9218463718891143,0.740625
2,110,0.9592250108718872,0.73125
2,120,1.090618860721588,0.68125
2,130,1.0836977303028106,0.721875
2,140,1.069183772802353,0.709375
2,150,1.113134777545929,0.675
2,160,1.0372162163257599,0.7125
2,170,1.1336571335792542,0.7
2,180,0.9755174189805984,0.70625
2,190,1.0497841238975525,0.70625
2,200,0.9896270871162415,0.7375
2,210,0.8300169408321381,0.778125
2,220,0.9573907673358917,0.746875
2,230,1.1036770224571228,0.715625
2,240,1.0519924938678742,0.70625
2,250,1.1380000352859496,0.675
2,260,0.9501401960849762,0.709375
2,270,0.9461225092411041,0.753125
2,280,0.8901554197072983,0.765625
2,290,0.9718484103679657,0.725
2,300,0.8892129302024842,0.76875
3,10,0.8423210978507996,0.76875
3,20,0.8549755036830902,0.7625
3,30,0.9509703934192657,0.734375
3,40,0.7263912618160248,0.7875
3,50,0.8489709228277207,0.771875
3,60,0.9225818753242493,0.753125
3,70,0.8913889616727829,0.75
3,80,0.9047257542610169,0.746875
3,90,0.9443656980991364,0.70625
3,100,0.87032909989357,0.75625
3,110,0.7563930571079254,0.78125
3,120,0.8072423994541168,0.771875
3,130,0.9090362310409545,0.734375
3,140,0.7777170240879059,0.7875
3,150,0.9361006021499634,0.746875
3,160,0.8650559991598129,0.76875
3,170,0.9050642549991608,0.759375
3,180,0.8678907811641693,0.746875
3,190,0.8094859182834625,0.7625
3,200,0.8997733473777771,0.75
3,210,0.7428133457899093,0.790625
3,220,0.7873655021190643,0.7875
3,230,0.8677099645137787,0.759375
3,240,0.8644874155521393,0.778125
3,250,0.7843611598014831,0.784375
3,260,0.8952932476997375,0.73125
3,270,0.792729651927948,0.784375
3,280,0.7767549872398376,0.771875
3,290,0.8587180078029633,0.759375
3,300,0.7531114995479584,0.8
4,10,0.7411669671535492,0.79375
4,20,0.802376264333725,0.78125
4,30,0.7284619748592377,0.784375
4,40,0.7986531674861908,0.784375
4,50,0.6726916432380676,0.796875
4,60,0.859435522556305,0.765625
4,70,0.798675125837326,0.76875
4,80,0.6568506687879563,0.83125
4,90,0.6689825564622879,0.83125
4,100,0.772208908200264,0.8125
4,110,0.6726288259029388,0.81875
4,120,0.6773486852645874,0.8125
4,130,0.8044366210699081,0.784375
4,140,0.7594039887189865,0.778125
4,150,0.7676221132278442,0.778125
4,160,0.6420337617397308,0.825
4,170,0.7900794565677642,0.76875
4,180,0.7329978257417679,0.80625
4,190,0.6861001759767532,0.796875
4,200,0.8907770395278931,0.75
4,210,0.8741401314735413,0.740625
4,220,0.7578526377677918,0.771875
4,230,0.7301108002662658,0.796875
4,240,0.8210545659065247,0.771875
4,250,0.7815635085105896,0.759375
4,260,0.6814972013235092,0.83125
4,270,0.8461353778839111,0.759375
4,280,0.7921071708202362,0.78125
4,290,0.7931337594985962,0.759375
4,300,0.9008566826581955,0.75625
5,10,0.6894285589456558,0.796875
5,20,0.6506536543369293,0.815625
5,30,0.5786850035190583,0.825
5,40,0.6963326334953308,0.79375
5,50,0.6413990885019303,0.83125
5,60,0.7460631102323532,0.7875
5,70,0.6880230456590652,0.809375
5,80,0.6356712996959686,0.8
5,90,0.6436717838048935,0.825
5,100,0.6522304505109787,0.821875
5,110,0.6076167285442352,0.8375
5,120,0.7451713263988495,0.8
5,130,0.6394115030765534,0.846875
5,140,0.7086006075143814,0.8125
5,150,0.6101723819971084,0.8375
5,160,0.6921637654304504,0.80625
5,170,0.6598830997943879,0.8
5,180,0.7692847490310669,0.796875
5,190,0.7295294523239135,0.79375
5,200,0.6553829789161683,0.803125
5,210,0.8774600684642792,0.740625
5,220,0.6514356702566146,0.815625
5,230,0.6313638120889664,0.853125
5,240,0.6711242392659187,0.828125
5,250,0.7201241970062255,0.815625
5,260,0.6413734138011933,0.79375
5,270,0.7037142992019654,0.790625
5,280,0.7160802960395813,0.796875
5,290,0.5942756325006485,0.803125
5,300,0.7504423022270202,0.80625
6,10,0.6591595619916916,0.809375
6,20,0.5617191165685653,0.821875
6,30,0.5283435583114624,0.846875
6,40,0.7218439608812333,0.80625
6,50,0.697054249048233,0.79375
6,60,0.46080119758844373,0.884375
6,70,0.5553558140993118,0.85625
6,80,0.6671429485082626,0.815625
6,90,0.6557100355625153,0.815625
6,100,0.6207580953836441,0.815625
6,110,0.7604255467653275,0.79375
6,120,0.6037098377943039,0.840625
6,130,0.5447652280330658,0.83125
6,140,0.5382026255130767,0.8625
6,150,0.5251615136861801,0.840625
6,160,0.6721686542034149,0.81875
6,170,0.7485480219125747,0.8
6,180,0.5946654051542282,0.8375
6,190,0.6299132376909256,0.815625
6,200,0.5908664584159851,0.821875
6,210,0.5855288580060005,0.834375
6,220,0.7669283419847488,0.79375
6,230,0.5280043542385101,0.83125
6,240,0.5648990243673324,0.84375
6,250,0.7968443989753723,0.775
6,260,0.5815245896577835,0.846875
6,270,0.6812497764825821,0.80625
6,280,0.7394728332757949,0.803125
6,290,0.7193374902009964,0.784375
6,300,0.581923195719719,0.8375
7,10,0.7038766503334045,0.8
7,20,0.5793163239955902,0.8375
7,30,0.5941053599119186,0.809375
7,40,0.47879600822925567,0.875
7,50,0.587496680021286,0.825
7,60,0.6689533442258835,0.80625
7,70,0.5850701093673706,0.821875
7,80,0.5549773007631302,0.853125
7,90,0.6085471093654633,0.840625
7,100,0.5011273235082626,0.834375
7,110,0.5303434044122696,0.85
7,120,0.526080670952797,0.8375
7,130,0.5797531723976135,0.825
7,140,0.609797066450119,0.825
7,150,0.5649516522884369,0.85
7,160,0.4853727698326111,0.865625
7,170,0.6479216426610946,0.803125
7,180,0.5772989422082901,0.859375
7,190,0.5773870497941971,0.81875
7,200,0.5728854954242706,0.834375
7,210,0.7028458535671234,0.815625
7,220,0.46929917186498643,0.878125
7,230,0.5845781177282333,0.828125
7,240,0.5096578925848008,0.84375
7,250,0.5485759913921356,0.859375
7,260,0.5428277760744095,0.840625
7,270,0.5679645836353302,0.8375
7,280,0.6010458409786225,0.840625
7,290,0.44189998507499695,0.871875
7,300,0.5122558325529099,0.85625
8,10,0.5486000537872314,0.853125
8,20,0.5652303248643875,0.81875
8,30,0.6133272737264633,0.8125
8,40,0.47338561713695526,0.86875
8,50,0.5103030353784561,0.853125
8,60,0.5372731000185013,0.85
8,70,0.5259166449308396,0.853125
8,80,0.5315563529729843,0.85
8,90,0.5260499060153961,0.85625
8,100,0.4867319017648697,0.859375
8,110,0.5260515153408051,0.853125
8,120,0.4439022034406662,0.88125
8,130,0.4506015136837959,0.86875
8,140,0.510068267583847,0.85
8,150,0.5549050807952881,0.840625
8,160,0.4721175491809845,0.88125
8,170,0.5237552106380463,0.840625
8,180,0.4701283395290375,0.853125
8,190,0.5784858167171478,0.8375
8,200,0.4736426830291748,0.85
8,210,0.5417508989572525,0.83125
8,220,0.5077202662825584,0.846875
8,230,0.4397640347480774,0.88125
8,240,0.4991744428873062,0.859375
8,250,0.54498510658741,0.853125
8,260,0.5543453216552734,0.86875
8,270,0.5002577304840088,0.84375
8,280,0.5142606049776077,0.86875
8,290,0.5274916499853134,0.859375
8,300,0.5313172399997711,0.846875
9,10,0.5392150163650513,0.840625
9,20,0.5639177590608597,0.83125
9,30,0.5330910712480545,0.84375
9,40,0.543347692489624,0.815625
9,50,0.4577141135931015,0.86875
9,60,0.49336874186992646,0.871875
9,70,0.4782870873808861,0.859375
9,80,0.4890358030796051,0.85625
9,90,0.4206998452544212,0.871875
9,100,0.5325090050697326,0.85
9,110,0.5800734400749207,0.83125
9,120,0.6150061756372451,0.83125
9,130,0.4948985278606415,0.859375
9,140,0.42774388939142227,0.884375
9,150,0.5350998491048813,0.846875
9,160,0.5481092557311058,0.84375
9,170,0.5911810785531998,0.83125
9,180,0.4964902475476265,0.865625
9,190,0.6197062373161316,0.8
9,200,0.5493892550468444,0.853125
9,210,0.5302053570747376,0.85
9,220,0.5811625063419342,0.828125
9,230,0.5563191473484039,0.828125
9,240,0.5074564039707183,0.83125
9,250,0.5433741956949234,0.828125
9,260,0.4910615772008896,0.85
9,270,0.477786722779274,0.875
9,280,0.5990013808012009,0.834375
9,290,0.4962111622095108,0.8625
9,300,0.5992000788450241,0.83125
10,10,0.39280283749103545,0.896875
10,20,0.39239050894975663,0.89375
10,30,0.3787249058485031,0.8875
10,40,0.5003111571073532,0.853125
10,50,0.3635228589177132,0.8875
10,60,0.44275899678468705,0.859375
10,70,0.5312247514724732,0.821875
10,80,0.4160159170627594,0.878125
10,90,0.5057866007089615,0.8375
10,100,0.4725009217858315,0.884375
10,110,0.3651546150445938,0.9
10,120,0.44954317063093185,0.84375
10,130,0.5020882099866867,0.83125
10,140,0.37234058082103727,0.878125
10,150,0.48513242304325105,0.846875
10,160,0.47202980518341064,0.85625
10,170,0.4929430603981018,0.8625
10,180,0.43691732436418534,0.884375
10,190,0.480416901409626,0.859375
10,200,0.5017239272594451,0.85
10,210,0.4915642231702805,0.86875
10,220,0.47412703931331635,0.86875
10,230,0.47946772277355193,0.86875
10,240,0.43838815242052076,0.871875
10,250,0.4102540463209152,0.890625
10,260,0.45011496245861055,0.846875
10,270,0.4778693288564682,0.85625
10,280,0.4402293965220451,0.878125
10,290,0.4855504140257835,0.84375
10,300,0.6106274545192718,0.8375
11,10,0.46182188391685486,0.875
11,20,0.44572594165802004,0.859375
11,30,0.4311036020517349,0.878125
11,40,0.4001985490322113,0.85625
11,50,0.4995995044708252,0.8375
11,60,0.3681968510150909,0.896875
11,70,0.48141808062791824,0.859375
11,80,0.5427086114883423,0.840625
11,90,0.41477018892765044,0.875
11,100,0.37334329932928084,0.909375
11,110,0.3702201932668686,0.8875
11,120,0.48413497805595396,0.8625
11,130,0.35976659059524535,0.88125
11,140,0.3760135233402252,0.884375
11,150,0.4894339442253113,0.859375
11,160,0.3690780594944954,0.8875
11,170,0.5241742014884949,0.825
11,180,0.42026676684618,0.878125
11,190,0.38796404004096985,0.878125
11,200,0.40123019367456436,0.890625
11,210,0.4289099559187889,0.86875
11,220,0.5116513893008232,0.85
11,230,0.546404555439949,0.8625
11,240,0.39953723102808,0.8875
11,250,0.524957612156868,0.8375
11,260,0.4066398650407791,0.846875
11,270,0.34415131360292434,0.9
11,280,0.4820545375347137,0.840625
11,290,0.34117073118686675,0.90625
11,300,0.49134125411510465,0.865625
12,10,0.37701059877872467,0.896875
12,20,0.3266450807452202,0.915625
12,30,0.3835050627589226,0.890625
12,40,0.40764262825250625,0.884375
12,50,0.37839302122592927,0.896875
12,60,0.36453432887792586,0.896875
12,70,0.35846114009618757,0.884375
12,80,0.2985163748264313,0.90625
12,90,0.3070460259914398,0.9125
12,100,0.47685032784938813,0.884375
12,110,0.48717451095581055,0.84375
12,120,0.5902594000101089,0.840625
12,130,0.3923527628183365,0.878125
12,140,0.4414111882448196,0.85
12,150,0.4822756230831146,0.86875
12,160,0.36817884892225267,0.903125
12,170,0.4050836354494095,0.871875
12,180,0.4044453248381615,0.88125
12,190,0.30165227577090264,0.896875
12,200,0.43291023969650266,0.853125
12,210,0.4249055802822113,0.878125
12,220,0.3211025968194008,0.91875
12,230,0.40895569175481794,0.88125
12,240,0.44550805240869523,0.875
12,250,0.6079436168074608,0.846875
12,260,0.49147564768791197,0.85
12,270,0.44713341891765596,0.8875
12,280,0.362049426138401,0.90625
12,290,0.4368611842393875,0.88125
12,300,0.4083315297961235,0.853125
13,10,0.45465257614850996,0.86875
13,20,0.2881776787340641,0.925
13,30,0.2578312404453754,0.94375
13,40,0.35340133756399156,0.896875
13,50,0.3766069069504738,0.884375
13,60,0.4454050585627556,0.86875
13,70,0.3755429297685623,0.875
13,80,0.3553729712963104,0.896875
13,90,0.2974784165620804,0.91875
13,100,0.41034411191940307,0.871875
13,110,0.3537223294377327,0.878125
13,120,0.40024773627519605,0.86875
13,130,0.37535067796707156,0.88125
13,140,0.43511168733239175,0.903125
13,150,0.39785146415233613,0.865625
13,160,0.4640702992677689,0.8875
13,170,0.4421923071146011,0.88125
13,180,0.4017660290002823,0.89375
13,190,0.40413548797369003,0.89375
13,200,0.42510536015033723,0.88125
13,210,0.41716713458299637,0.884375
13,220,0.46949894428253175,0.85625
13,230,0.3459434688091278,0.903125
13,240,0.438481841981411,0.8625
13,250,0.38677382916212083,0.884375
13,260,0.4943843185901642,0.84375
13,270,0.34715221673250196,0.89375
13,280,0.3628417208790779,0.884375
13,290,0.44759144335985185,0.86875
13,300,0.3903407782316208,0.896875
14,10,0.37315245121717455,0.8875
14,20,0.26230555921792986,0.921875
14,30,0.39642814695835116,0.8875
14,40,0.34119522869586943,0.890625
14,50,0.26858158856630326,0.91875
14,60,0.3463746726512909,0.890625
14,70,0.44520536065101624,0.8625
14,80,0.32783335298299787,0.884375
14,90,0.43658150136470797,0.86875
14,100,0.45737995207309723,0.85625
14,110,0.26714676022529604,0.940625
14,120,0.42454713582992554,0.859375
14,130,0.4126107066869736,0.865625
14,140,0.4712177038192749,0.86875
14,150,0.4255888283252716,0.890625
14,160,0.39590129554271697,0.86875
14,170,0.35925304144620895,0.9
14,180,0.5010424256324768,0.8375
14,190,0.33317888975143434,0.88125
14,200,0.371860271692276,0.89375
14,210,0.32127210646867754,0.909375
14,220,0.42021847814321517,0.865625
14,230,0.36596211344003676,0.88125
14,240,0.38585446029901505,0.890625
14,250,0.35550048798322675,0.89375
14,260,0.31712619215250015,0.8875
14,270,0.3642208829522133,0.89375
14,280,0.35092825442552567,0.89375
14,290,0.3751384153962135,0.909375
14,300,0.41128091514110565,0.8875
15,10,0.2888171665370464,0.925
15,20,0.41140775978565214,0.9
15,30,0.3946210011839867,0.878125
15,40,0.3938404992222786,0.9
15,50,0.4097234830260277,0.88125
15,60,0.3921295031905174,0.86875
15,70,0.3020674526691437,0.921875
15,80,0.35023432672023774,0.884375
15,90,0.40252384841442107,0.9
15,100,0.40356520712375643,0.884375
15,110,0.30696815103292463,0.9
15,120,0.3318288505077362,0.921875
15,130,0.2695393078029156,0.9125
15,140,0.4135734781622887,0.88125
15,150,0.3103715397417545,0.91875
15,160,0.45998219549655917,0.85625
15,170,0.3406004160642624,0.903125
15,180,0.3113245368003845,0.915625
15,190,0.36731173768639563,0.884375
15,200,0.4047624796628952,0.88125
15,210,0.35147339701652525,0.89375
15,220,0.36960833370685575,0.896875
15,230,0.32588501274585724,0.90625
15,240,0.39737625867128373,0.871875
15,250,0.3611626893281937,0.875
15,260,0.2930199332535267,0.925
15,270,0.2914254039525986,0.915625
15,280,0.3413223892450333,0.890625
15,290,0.34596206843852995,0.9
15,300,0.3851402021944523,0.89375
16,10,0.23861439302563667,0.925
16,20,0.28432190492749215,0.91875
16,30,0.35646395683288573,0.871875
16,40,0.32678461670875547,0.903125
16,50,0.4046397939324379,0.871875
16,60,0.34586532413959503,0.9
16,70,0.4396120682358742,0.86875
16,80,0.3387470871210098,0.884375
16,90,0.3107354439795017,0.903125
16,100,0.3508257955312729,0.884375
16,110,0.3248488888144493,0.8875
16,120,0.3411468878388405,0.89375
16,130,0.38444958478212354,0.890625
16,140,0.3680288255214691,0.903125
16,150,0.2789779186248779,0.90625
16,160,0.40151841938495636,0.896875
16,170,0.3939431056380272,0.865625
16,180,0.38103166967630386,0.88125
16,190,0.26010788306593896,0.903125
16,200,0.4288036242127419,0.871875
16,210,0.3397424355149269,0.9125
16,220,0.2782770931720734,0.91875
16,230,0.35327183380723,0.89375
16,240,0.2927540376782417,0.909375
16,250,0.44818875640630723,0.865625
16,260,0.35013864785432813,0.90625
16,270,0.41602389961481095,0.859375
16,280,0.36023461669683454,0.890625
16,290,0.38986817449331285,0.875
16,300,0.47537259161472323,0.8625
17,10,0.29823841601610185,0.9125
17,20,0.35290818512439726,0.90625
17,30,0.3878792405128479,0.8875
17,40,0.28763788640499116,0.915625
17,50,0.2803318932652473,0.921875
17,60,0.24005084559321405,0.93125
17,70,0.3339138045907021,0.903125
17,80,0.28537640124559405,0.909375
17,90,0.2728582702577114,0.928125
17,100,0.2858959808945656,0.909375
17,110,0.4064506873488426,0.884375
17,120,0.39232185333967207,0.896875
17,130,0.334423702955246,0.890625
17,140,0.36543315798044207,0.890625
17,150,0.3754496887326241,0.884375
17,160,0.43626137375831603,0.8875
17,170,0.38875105381011965,0.88125
17,180,0.27695015221834185,0.93125
17,190,0.2627109453082085,0.915625
17,200,0.308187248557806,0.909375
17,210,0.30205040872097016,0.909375
17,220,0.2948946237564087,0.915625
17,230,0.31396857649087906,0.896875
17,240,0.34154516607522967,0.89375
17,250,0.3665380090475082,0.9
17,260,0.26457329988479616,0.915625
17,270,0.4150177538394928,0.9
17,280,0.32852683663368226,0.9
17,290,0.3567566961050034,0.890625
17,300,0.38351654410362246,0.884375
18,10,0.31951906234025956,0.9
18,20,0.38756361305713655,0.8875
18,30,0.2595240227878094,0.928125
18,40,0.43491619527339936,0.85625
18,50,0.2622691854834557,0.91875
18,60,0.32648704797029493,0.915625
18,70,0.4371270537376404,0.884375
18,80,0.28369317948818207,0.909375
18,90,0.4836570993065834,0.875
18,100,0.3059017226099968,0.915625
18,110,0.30318543314933777,0.915625
18,120,0.2939013034105301,0.91875
18,130,0.3203211262822151,0.9125
18,140,0.36923978477716446,0.884375
18,150,0.30305861458182337,0.909375
18,160,0.3254465952515602,0.89375
18,170,0.3384696453809738,0.89375
18,180,0.2836146980524063,0.90625
18,190,0.28189884275197985,0.915625
18,200,0.2781136676669121,0.9
18,210,0.40065950751304624,0.875
18,220,0.30807818919420243,0.89375
18,230,0.33101463615894317,0.91875
18,240,0.23837437033653258,0.928125
18,250,0.2836253672838211,0.93125
18,260,0.33944146782159806,0.903125
18,270,0.3447063848376274,0.903125
18,280,0.48140291720628736,0.865625
18,290,0.24719952270388604,0.925
18,300,0.3477844938635826,0.909375
19,10,0.23633433654904365,0.934375
19,20,0.28638706356287,0.91875
19,30,0.3297463163733482,0.9
19,40,0.23641894534230232,0.921875
19,50,0.3097666025161743,0.9
19,60,0.36812830418348313,0.871875
19,70,0.3076009564101696,0.9
19,80,0.3620677672326565,0.896875
19,90,0.2694254919886589,0.9125
19,100,0.24964519813656808,0.928125
19,110,0.32522674947977065,0.91875
19,120,0.3344948261976242,0.896875
19,130,0.3548532985150814,0.90625
19,140,0.2949619308114052,0.90625
19,150,0.26987291872501373,0.915625
19,160,0.29526332654058934,0.903125
19,170,0.4533474653959274,0.878125
19,180,0.28958175107836726,0.909375
19,190,0.4537845730781555,0.875
19,200,0.2833419293165207,0.90625
19,210,0.23546552136540413,0.915625
19,220,0.42342221140861513,0.8875
19,230,0.17702476978302,0.959375
19,240,0.3065137192606926,0.903125
19,250,0.2837031349539757,0.91875
19,260,0.3408029735088348,0.896875
19,270,0.32374330461025236,0.896875
19,280,0.33790352046489713,0.878125
19,290,0.29929334074258807,0.896875
19,300,0.3162165693938732,0.896875
20,10,0.31449243277311323,0.903125
20,20,0.3093702785670757,0.90625
20,30,0.2618052244186401,0.93125
20,40,0.27642913311719897,0.921875
20,50,0.25415158569812774,0.9125
20,60,0.27902025878429415,0.915625
20,70,0.21885422319173814,0.925
20,80,0.21943917497992516,0.934375
20,90,0.21694301441311836,0.940625
20,100,0.3019431263208389,0.909375
20,110,0.29174638316035273,0.89375
20,120,0.25108565837144853,0.921875
20,130,0.26296156719326974,0.909375
20,140,0.27226363122463226,0.91875
20,150,0.3073548972606659,0.915625
20,160,0.26510678678750993,0.925
20,170,0.2739840276539326,0.909375
20,180,0.22629691027104853,0.928125
20,190,0.2571310684084892,0.928125
20,200,0.32820441089570523,0.903125
20,210,0.26273363530635835,0.93125
20,220,0.22160900235176087,0.928125
20,230,0.32717341631650926,0.896875
20,240,0.22270666509866716,0.925
20,250,0.2749920770525932,0.934375
20,260,0.3529148757457733,0.8875
20,270,0.4108495846390724,0.89375
20,280,0.27352800220251083,0.915625
20,290,0.26553347557783125,0.9125
20,300,0.24600719809532165,0.925
21,10,0.2722556427121162,0.921875
21,20,0.19285607412457467,0.940625
21,30,0.2609946958720684,0.921875
21,40,0.23045346960425378,0.921875
21,50,0.219854237139225,0.928125
21,60,0.2904324777424335,0.915625
21,70,0.2290049098432064,0.93125
21,80,0.3220821529626846,0.90625
21,90,0.24098259583115578,0.925
21,100,0.266196408867836,0.934375
21,110,0.23447916358709336,0.925
21,120,0.24521532505750657,0.9125
21,130,0.27795623764395716,0.91875
21,140,0.1969640165567398,0.93125
21,150,0.2545870989561081,0.925
21,160,0.26466541141271593,0.928125
21,170,0.24335891827940942,0.921875
21,180,0.26280525624752044,0.925
21,190,0.22596426233649253,0.93125
21,200,0.25201523303985596,0.921875
21,210,0.27703509852290154,0.921875
21,220,0.2956510420888662,0.921875
21,230,0.2571842007339001,0.925
21,240,0.298621916025877,0.909375
21,250,0.2668718334287405,0.921875
21,260,0.286051282286644,0.9125
21,270,0.21898384615778924,0.9375
21,280,0.273273479193449,0.9125
21,290,0.3083625890314579,0.915625
21,300,0.2926864430308342,0.909375
22,10,0.2555830582976341,0.9125
22,20,0.20612037368118763,0.93125
22,30,0.24713081531226636,0.934375
22,40,0.18230334371328355,0.953125
22,50,0.26152825355529785,0.91875
22,60,0.27099048942327497,0.896875
22,70,0.23671523332595826,0.915625
22,80,0.34254691898822787,0.896875
22,90,0.3356899622827768,0.90625
22,100,0.3700621500611305,0.890625
22,110,0.26771506667137146,0.934375
22,120,0.2547442391514778,0.925
22,130,0.24625689834356307,0.934375
22,140,0.24346266314387321,0.915625
22,150,0.270219087600708,0.9125
22,160,0.26271781623363494,0.921875
22,170,0.2264608159661293,0.934375
22,180,0.23534229174256324,0.93125
22,190,0.27006781920790673,0.915625
22,200,0.24850757122039796,0.921875
22,210,0.30107318237423897,0.921875
22,220,0.22524991557002066,0.925
22,230,0.318226745724678,0.90625
22,240,0.25234281420707705,0.921875
22,250,0.3130581587553024,0.903125
22,260,0.29310967549681666,0.909375
22,270,0.3603533089160919,0.875
22,280,0.31601397395133973,0.890625
22,290,0.23453129231929778,0.925
22,300,0.2401206076145172,0.934375
23,10,0.26090958118438723,0.91875
23,20,0.32510873675346375,0.9
23,30,0.2847014062106609,0.90625
23,40,0.30423381105065345,0.915625
23,50,0.19082758575677872,0.95
23,60,0.21936087682843208,0.9375
23,70,0.2713464617729187,0.928125
23,80,0.34075308963656425,0.909375
23,90,0.21714406087994576,0.921875
23,100,0.30379387438297273,0.9125
23,110,0.23692552298307418,0.9375
23,120,0.3250865079462528,0.909375
23,130,0.3292048260569572,0.89375
23,140,0.2807963781058788,0.934375
23,150,0.2616558998823166,0.921875
23,160,0.26148416846990585,0.928125
23,170,0.2729121774435043,0.928125
23,180,0.3070345804095268,0.921875
23,190,0.3705816090106964,0.884375
23,200,0.2580460622906685,0.925
23,210,0.3595832109451294,0.884375
23,220,0.32310760021209717,0.9
23,230,0.28336661010980607,0.90625
23,240,0.3064728356897831,0.903125
23,250,0.3002951994538307,0.9
23,260,0.26410270631313326,0.928125
23,270,0.2573017835617065,0.909375
23,280,0.19968849495053292,0.946875
23,290,0.2198169559240341,0.934375
23,300,0.21876076981425285,0.934375
24,10,0.2725263133645058,0.909375
24,20,0.30786399692296984,0.909375
24,30,0.22206804156303406,0.928125
24,40,0.29134145751595497,0.903125
24,50,0.18414923474192618,0.946875
24,60,0.3495013631880283,0.9125
24,70,0.27288584113121034,0.934375
24,80,0.2071578860282898,0.94375
24,90,0.21737900003790855,0.934375
24,100,0.23988133519887925,0.9125
24,110,0.24014191403985025,0.934375
24,120,0.21485809311270715,0.915625
24,130,0.23371860831975938,0.934375
24,140,0.3017039939761162,0.91875
24,150,0.17307485193014144,0.95
24,160,0.23115621730685235,0.928125
24,170,0.1908919893205166,0.934375
24,180,0.26136266961693766,0.921875
24,190,0.2143645126372576,0.934375
24,200,0.188920496404171,0.934375
24,210,0.2633384451270103,0.9125
24,220,0.25351318120956423,0.909375
24,230,0.32035465240478517,0.909375
24,240,0.2496312215924263,0.9125
24,250,0.264142157137394,0.928125
24,260,0.27466567531228064,0.9125
24,270,0.30582022964954375,0.909375
24,280,0.2870640367269516,0.915625
24,290,0.3018278948962688,0.915625
24,300,0.2920423347502947,0.903125
25,10,0.2064809776842594,0.928125
25,20,0.2543460115790367,0.921875
25,30,0.20016610845923424,0.9375
25,40,0.19951108992099761,0.93125
25,50,0.23507115617394447,0.928125
25,60,0.24104629531502725,0.934375
25,70,0.2747074864804745,0.91875
25,80,0.24448327273130416,0.925
25,90,0.2718395158648491,0.921875
25,100,0.3042742185294628,0.9125
25,110,0.27351844757795335,0.921875
25,120,0.22259755171835421,0.928125
25,130,0.2402081608772278,0.934375
25,140,0.2034512236714363,0.940625
25,150,0.2056762270629406,0.91875
25,160,0.19925954714417457,0.9375
25,170,0.22358482480049133,0.925
25,180,0.2626684382557869,0.9125
25,190,0.19026588499546052,0.94375
25,200,0.27675014063715936,0.925
25,210,0.3857275128364563,0.896875
25,220,0.21558601409196854,0.93125
25,230,0.2687324047088623,0.909375
25,240,0.24634264931082725,0.925
25,250,0.2230525493621826,0.93125
25,260,0.24426921233534812,0.925
25,270,0.30401782765984536,0.921875
25,280,0.32433132231235506,0.921875
25,290,0.22992691695690154,0.9375
25,300,0.29632220417261124,0.9125
26,10,0.3102206714451313,0.909375
26,20,0.296007589250803,0.915625
26,30,0.22054023146629334,0.91875
26,40,0.2308069296181202,0.93125
26,50,0.19418647587299348,0.934375
26,60,0.2691744163632393,0.93125
26,70,0.17378615215420723,0.953125
26,80,0.18865902349352837,0.925
26,90,0.2034671775996685,0.934375
26,100,0.18236089497804642,0.95
26,110,0.2250945635139942,0.934375
26,120,0.1898905113339424,0.953125
26,130,0.20451281890273093,0.928125
26,140,0.19666285067796707,0.940625
26,150,0.19784851744771004,0.95
26,160,0.17107780352234842,0.95
26,170,0.21857634112238883,0.934375
26,180,0.22187139764428138,0.925
26,190,0.2120609238743782,0.921875
26,200,0.22013528496026993,0.934375
26,210,0.30888825803995135,0.90625
26,220,0.2128587156534195,0.93125
26,230,0.26856961101293564,0.91875
26,240,0.20407725721597672,0.9375
26,250,0.26193577125668527,0.9375
26,260,0.29527250677347183,0.925
26,270,0.23863872662186622,0.909375
26,280,0.2815780445933342,0.909375
26,290,0.23929491341114045,0.915625
26,300,0.267680162191391,0.91875
27,10,0.17050095051527023,0.94375
27,20,0.21455487608909607,0.928125
27,30,0.2059104297310114,0.94375
27,40,0.19410580769181252,0.9375
27,50,0.2432653695344925,0.9375
27,60,0.23568907156586646,0.915625
27,70,0.18867406621575356,0.95
27,80,0.22245615348219872,0.940625
27,90,0.26978284381330014,0.93125
27,100,0.17692804262042044,0.946875
27,110,0.14042390696704388,0.953125
27,120,0.20821904316544532,0.93125
27,130,0.23495850339531898,0.9375
27,140,0.200614969804883,0.934375
27,150,0.35803270563483236,0.903125
27,160,0.30199712216854097,0.9
27,170,0.2937119409441948,0.909375
27,180,0.22379859760403634,0.93125
27,190,0.20136128589510918,0.940625
27,200,0.22854817658662796,0.925
27,210,0.25541769042611123,0.921875
27,220,0.31559361070394515,0.89375
27,230,0.2991010196506977,0.909375
27,240,0.23974877074360848,0.9375
27,250,0.23366698622703552,0.925
27,260,0.185634945333004,0.95
27,270,0.2566656157374382,0.915625
27,280,0.2979204021394253,0.9125
27,290,0.2010028801858425,0.9375
27,300,0.2079698272049427,0.95
28,10,0.31473438292741773,0.89375
28,20,0.21255937591195107,0.94375
28,30,0.25451970770955085,0.91875
28,40,0.2352715827524662,0.934375
28,50,0.2348585993051529,0.91875
28,60,0.26324827671051027,0.909375
28,70,0.20415667966008186,0.928125
28,80,0.17721430845558644,0.95625
28,90,0.18734514936804772,0.95
28,100,0.2304369606077671,0.921875
28,110,0.19082599207758905,0.946875
28,120,0.21041489988565446,0.93125
28,130,0.1992383472621441,0.946875
28,140,0.18034498915076255,0.934375
28,150,0.2640427127480507,0.9375
28,160,0.2432359017431736,0.921875
28,170,0.21701767295598984,0.928125
28,180,0.222151480615139,0.91875
28,190,0.1889382041990757,0.934375
28,200,0.26220743060112,0.890625
28,210,0.2303490050137043,0.928125
28,220,0.23942068368196487,0.940625
28,230,0.21964054480195044,0.934375
28,240,0.23502246290445328,0.946875
28,250,0.18362417072057724,0.94375
28,260,0.21676808074116707,0.934375
28,270,0.27111739218235015,0.93125
28,280,0.2624362662434578,0.915625
28,290,0.2932073250412941,0.90625
28,300,0.21490923464298248,0.925
29,10,0.2080987274646759,0.94375
29,20,0.28210075087845327,0.925
29,30,0.3535225003957748,0.896875
29,40,0.2027438573539257,0.940625
29,50,0.1950173370540142,0.940625
29,60,0.18453223034739494,0.94375
29,70,0.19482284113764764,0.9375
29,80,0.19310384131968023,0.946875
29,90,0.17203631177544593,0.946875
29,100,0.24590369760990144,0.925
29,110,0.23273916989564897,0.934375
29,120,0.2235944900661707,0.94375
29,130,0.20863405168056487,0.934375
29,140,0.22011054754257203,0.928125
29,150,0.1506776235997677,0.940625
29,160,0.25555547401309014,0.925
29,170,0.22381003051996232,0.93125
29,180,0.30465331897139547,0.9125
29,190,0.2511338621377945,0.921875
29,200,0.19748083651065826,0.95
29,210,0.2297326974570751,0.9375
29,220,0.16289136856794356,0.95
29,230,0.2734146498143673,0.915625
29,240,0.26273646801710127,0.9
29,250,0.2623074471950531,0.91875
29,260,0.28400990515947344,0.921875
29,270,0.20602527409791946,0.940625
29,280,0.2517105646431446,0.93125
29,290,0.2186691351234913,0.934375
29,300,0.20398514866828918,0.9375
30,10,0.18937518484890462,0.94375
30,20,0.1451852284371853,0.95625
30,30,0.24593205526471137,0.928125
30,40,0.1807048015296459,0.959375
30,50,0.17732839919626714,0.946875
30,60,0.16380917020142077,0.946875
30,70,0.12290571965277194,0.95625
30,80,0.17430075965821742,0.946875
30,90,0.15327927879989148,0.965625
30,100,0.15081882365047933,0.9625
30,110,0.1667050953954458,0.95625
30,120,0.16575503163039684,0.95
30,130,0.22981070056557656,0.9375
30,140,0.18286695331335068,0.953125
30,150,0.19626640826463698,0.934375
30,160,0.24851205348968505,0.928125
30,170,0.21130586713552474,0.940625
30,180,0.18687040582299233,0.953125
30,190,0.1386258214712143,0.9625
30,200,0.2271540105342865,0.921875
30,210,0.18128127753734588,0.946875
30,220,0.1857184361666441,0.9375
30,230,0.2023322895169258,0.940625
30,240,0.2417457617819309,0.928125
30,250,0.23970775455236434,0.93125
30,260,0.1987208180129528,0.95625
30,270,0.30032300129532813,0.903125
30,280,0.20678471699357032,0.9375
30,290,0.22890354543924332,0.921875
30,300,0.16214188374578953,0.95
31,10,0.1970729149878025,0.940625
31,20,0.16967990770936012,0.95625
31,30,0.16929957568645476,0.946875
31,40,0.18804321326315404,0.959375
31,50,0.21261839419603348,0.94375
31,60,0.12911685258150102,0.971875
31,70,0.1971822828054428,0.953125
31,80,0.2225383259356022,0.93125
31,90,0.25741074830293653,0.915625
31,100,0.17245392128825188,0.940625
31,110,0.26613346375525,0.89375
31,120,0.14998254925012589,0.9625
31,130,0.18965005427598952,0.9375
31,140,0.14322837069630623,0.95625
31,150,0.2720467321574688,0.928125
31,160,0.17509177774190904,0.94375
31,170,0.1760568030178547,0.940625
31,180,0.26447553411126135,0.921875
31,190,0.22829606980085373,0.934375
31,200,0.2134236790239811,0.940625
31,210,0.23635197654366494,0.9375
31,220,0.16363987401127816,0.953125
31,230,0.176447893679142,0.959375
31,240,0.2763906978070736,0.91875
31,250,0.15090150348842143,0.959375
31,260,0.21271677389740945,0.9375
31,270,0.24067053832113744,0.925
31,280,0.24001263082027435,0.921875
31,290,0.24520336426794528,0.928125
31,300,0.32153951823711396,0.9125
32,10,0.21506891250610352,0.921875
32,20,0.22085563018918036,0.94375
32,30,0.1818644817918539,0.95
32,40,0.27575171887874605,0.909375
32,50,0.1639585118740797,0.95625
32,60,0.18524022474884988,0.946875
32,70,0.16981623694300652,0.953125
32,80,0.17898407410830258,0.946875
32,90,0.1945605870336294,0.9375
32,100,0.17472326569259167,0.95
32,110,0.1879272408783436,0.93125
32,120,0.1936367481946945,0.93125
32,130,0.18788990899920463,0.946875
32,140,0.2377151533961296,0.94375
32,150,0.251393760740757,0.915625
32,160,0.18273716494441034,0.95
32,170,0.2624481603503227,0.921875
32,180,0.18019551262259484,0.95
32,190,0.2256055109202862,0.925
32,200,0.20489325653761625,0.946875
32,210,0.20597301423549652,0.934375
32,220,0.18897078558802605,0.946875
32,230,0.1768902651965618,0.946875
32,240,0.24428776502609253,0.915625
32,250,0.2079697921872139,0.921875
32,260,0.17955367863178254,0.953125
32,270,0.19045057483017444,0.9375
32,280,0.1891952719539404,0.934375
32,290,0.23736958652734758,0.921875
32,300,0.1676263727247715,0.94375
33,10,0.21758532226085664,0.909375
33,20,0.19855314381420613,0.946875
33,30,0.1892792608588934,0.9375
33,40,0.12496147602796555,0.95625
33,50,0.18693238124251366,0.9375
33,60,0.2415866307914257,0.934375
33,70,0.2054472967982292,0.93125
33,80,0.17404622957110405,0.9375
33,90,0.17680943347513675,0.95
33,100,0.20167077258229255,0.940625
33,110,0.1705404430627823,0.95625
33,120,0.1896067913621664,0.946875
33,130,0.17168952748179436,0.95
33,140,0.24685029610991477,0.921875
33,150,0.2193518213927746,0.925
33,160,0.3170294977724552,0.915625
33,170,0.19303634911775588,0.93125
33,180,0.19733700715005398,0.946875
33,190,0.25915366858243943,0.925
33,200,0.1608884535729885,0.953125
33,210,0.16312451139092446,0.94375
33,220,0.13245775625109674,0.96875
33,230,0.19579318016767502,0.94375
33,240,0.21491031013429165,0.934375
33,250,0.19618916958570481,0.925
33,260,0.2011070389300585,0.9375
33,270,0.22000779248774052,0.95
33,280,0.22945769131183624,0.934375
33,290,0.14711716994643212,0.95625
33,300,0.1671625528484583,0.94375
34,10,0.12600488290190698,0.959375
34,20,0.11345497407019138,0.95625
34,30,0.13488800898194314,0.9625
34,40,0.1491018019616604,0.95
34,50,0.20419083535671234,0.93125
34,60,0.12429700456559659,0.95625
34,70,0.12055049762129784,0.9625
34,80,0.14025610499083996,0.959375
34,90,0.1708586260676384,0.95
34,100,0.28660848662257193,0.91875
34,110,0.2023665875196457,0.93125
34,120,0.1815227024257183,0.946875
34,130,0.23964861929416656,0.928125
34,140,0.15423028841614722,0.959375
34,150,0.1930414717644453,0.9625
34,160,0.2032571889460087,0.925
34,170,0.2381632074713707,0.921875
34,180,0.2264964684844017,0.928125
34,190,0.20148876458406448,0.9375
34,200,0.19987106062471865,0.928125
34,210,0.2827563241124153,0.909375
34,220,0.22215966507792473,0.934375
34,230,0.16772481240332127,0.946875
34,240,0.22008157074451445,0.928125
34,250,0.19842583686113358,0.953125
34,260,0.2777391254901886,0.915625
34,270,0.24760977551341057,0.925
34,280,0.23570912703871727,0.934375
34,290,0.2091035321354866,0.928125
34,300,0.2570843383669853,0.91875
35,10,0.19457871988415718,0.94375
35,20,0.1736101433634758,0.95625
35,30,0.13943178616464139,0.9625
35,40,0.14822985082864762,0.9625
35,50,0.1426720328629017,0.94375
35,60,0.1582363795489073,0.95625
35,70,0.20574138611555098,0.928125
35,80,0.15086315236985684,0.959375
35,90,0.2694440886378288,0.934375
35,100,0.1743167482316494,0.953125
35,110,0.1897931471467018,0.953125
35,120,0.13249921090900899,0.9625
35,130,0.13007709458470346,0.965625
35,140,0.14545690417289733,0.94375
35,150,0.14769577234983444,0.9625
35,160,0.18752721473574638,0.9375
35,170,0.12904515825212,0.95625
35,180,0.18540529757738114,0.9375
35,190,0.13173418678343296,0.96875
35,200,0.1264992244541645,0.9625
35,210,0.16194591745734216,0.94375
35,220,0.19281837791204454,0.940625
35,230,0.28062433935701847,0.921875
35,240,0.1826177179813385,0.946875
35,250,0.14618492051959037,0.953125
35,260,0.1902953043580055,0.934375
35,270,0.22720845825970173,0.934375
35,280,0.25860509239137175,0.934375
35,290,0.20811426341533662,0.94375
35,300,0.1884919986128807,0.9375
36,10,0.1720261164009571,0.959375
36,20,0.15817244574427605,0.953125
36,30,0.16144862323999404,0.946875
36,40,0.24400222301483154,0.9375
36,50,0.15623619072139264,0.940625
36,60,0.19020794406533242,0.95
36,70,0.17534470111131667,0.946875
36,80,0.20351415798068045,0.925
36,90,0.15897705294191838,0.953125
36,100,0.224449672549963,0.934375
36,110,0.17038656249642373,0.946875
36,120,0.18923623189330102,0.95
36,130,0.20929207131266594,0.93125
36,140,0.2237405464053154,0.915625
36,150,0.1703599225729704,0.946875
36,160,0.12737367115914822,0.959375
36,170,0.15563262663781643,0.95625
36,180,0.18808170557022094,0.946875
36,190,0.1209462508559227,0.95625
36,200,0.16935798190534115,0.946875
36,210,0.15631552115082742,0.959375
36,220,0.14635795950889588,0.95
36,230,0.14868431054055692,0.95625
36,240,0.21216241791844367,0.925
36,250,0.15529679618775843,0.94375
36,260,0.19243408218026162,0.9375
36,270,0.24649016857147216,0.93125
36,280,0.18261730410158633,0.953125
36,290,0.1434353096410632,0.959375
36,300,0.15121398344635964,0.95625
37,10,0.2257195670157671,0.9375
37,20,0.22138729616999625,0.934375
37,30,0.1908432997763157,0.953125
37,40,0.15309832356870173,0.9625
37,50,0.17809861190617085,0.946875
37,60,0.14962019305676222,0.9625
37,70,0.15657415837049485,0.95
37,80,0.17013561129570007,0.95625
37,90,0.14696451872587205,0.959375
37,100,0.12133827321231365,0.959375
37,110,0.13827398605644703,0.959375
37,120,0.13911419957876206,0.953125
37,130,0.1646928023546934,0.946875
37,140,0.15872209146618843,0.946875
37,150,0.24173280820250512,0.925
37,160,0.18044487275183202,0.953125
37,170,0.25161769315600396,0.93125
37,180,0.20548429787158967,0.928125
37,190,0.1468618169426918,0.953125
37,200,0.1696580708026886,0.940625
37,210,0.19545373357832432,0.9375
37,220,0.1685798868536949,0.934375
37,230,0.1816772401332855,0.925
37,240,0.21223642081022262,0.934375
37,250,0.14433578476309777,0.959375
37,260,0.14865081161260604,0.94375
37,270,0.17706775516271592,0.940625
37,280,0.19494182839989663,0.93125
37,290,0.1479562122374773,0.94375
37,300,0.19683065600693225,0.95
38,10,0.1669080037623644,0.96875
38,20,0.20828515104949474,0.9375
38,30,0.18587498031556607,0.95625
38,40,0.22733576744794845,0.9375
38,50,0.18622657433152198,0.94375
38,60,0.1503433659672737,0.95625
38,70,0.1604907765984535,0.95
38,80,0.16876995153725147,0.934375
38,90,0.1753668136894703,0.946875
38,100,0.135284486413002,0.953125
38,110,0.15075056962668895,0.959375
38,120,0.1583989217877388,0.946875
38,130,0.1700794104486704,0.946875
38,140,0.1717996172606945,0.940625
38,150,0.18897540159523488,0.93125
38,160,0.1167162075638771,0.95625
38,170,0.17085313685238362,0.94375
38,180,0.13266484588384628,0.95625
38,190,0.140387374907732,0.95625
38,200,0.0951614435762167,0.975
38,210,0.14242875725030898,0.965625
38,220,0.18524726964533328,0.934375
38,230,0.2669185623526573,0.93125
38,240,0.18146781176328658,0.940625
38,250,0.22431196719408036,0.93125
38,260,0.2143058929592371,0.94375
38,270,0.19272640459239482,0.940625
38,280,0.2498710561543703,0.925
38,290,0.24221378043293953,0.925
38,300,0.1856382332742214,0.934375
39,10,0.1919635660946369,0.93125
39,20,0.16889082938432692,0.953125
39,30,0.18220852315425873,0.953125
39,40,0.17775331996381283,0.946875
39,50,0.14623164124786853,0.95625
39,60,0.17186074070632457,0.95
39,70,0.1461736388504505,0.953125
39,80,0.16566095799207686,0.940625
39,90,0.15302419736981393,0.9625
39,100,0.15932581722736358,0.959375
39,110,0.12969747744500637,0.9625
39,120,0.17414895594120025,0.934375
39,130,0.17114067301154137,0.946875
39,140,0.18788977786898614,0.940625
39,150,0.19658228121697902,0.95625
39,160,0.12893013209104537,0.953125
39,170,0.18979966044425964,0.946875
39,180,0.15047902129590512,0.953125
39,190,0.17521994262933732,0.95
39,200,0.10922199413180352,0.965625
39,210,0.1169440545141697,0.96875
39,220,0.17661534175276755,0.94375
39,230,0.22434960305690765,0.93125
39,240,0.15180344618856906,0.94375
39,250,0.1877848170697689,0.934375
39,260,0.13694602996110916,0.959375
39,270,0.19006189033389093,0.93125
39,280,0.08505660630762577,0.98125
39,290,0.1528837312012911,0.959375
39,300,0.1804729148745537,0.946875
40,10,0.1322076480835676,0.95625
40,20,0.10531390383839608,0.978125
40,30,0.14567665867507457,0.95625
40,40,0.1359037894755602,0.95625
40,50,0.10055884700268507,0.975
40,60,0.10794997606426478,0.96875
40,70,0.13623153939843177,0.95625
40,80,0.09595735669136048,0.971875
40,90,0.170979043841362,0.93125
40,100,0.11102627962827682,0.95
40,110,0.1666110448539257,0.946875
40,120,0.15460047945380212,0.95
40,130,0.17085147574543952,0.95
40,140,0.11379122398793698,0.9625
40,150,0.12753271386027337,0.953125
40,160,0.15478653647005558,0.9625
40,170,0.1918933518230915,0.9375
40,180,0.1768399655818939,0.946875
40,190,0.160074526257813,0.94375
40,200,0.22067774534225465,0.934375
40,210,0.16093447729945182,0.940625
40,220,0.19907670840620995,0.93125
40,230,0.17637749314308165,0.953125
40,240,0.23287571370601653,0.934375
40,250,0.12391707692295313,0.959375
40,260,0.12798726968467236,0.953125
40,270,0.1915589664131403,0.946875
40,280,0.09998121894896031,0.971875
40,290,0.17239487394690514,0.959375
40,300,0.16627000384032725,0.94375
41,10,0.12179504372179509,0.965625
41,20,0.21782428324222564,0.925
41,30,0.17930495217442513,0.94375
41,40,0.16286008805036545,0.965625
41,50,0.15423835143446923,0.953125
41,60,0.1368374779820442,0.95625
41,70,0.18482500426471232,0.9125
41,80,0.09676101058721542,0.978125
41,90,0.1368797831237316,0.953125
41,100,0.09643238484859466,0.975
41,110,0.15032151192426682,0.953125
41,120,0.11257055997848511,0.959375
41,130,0.13277139589190484,0.95625
41,140,0.16939361505210399,0.946875
41,150,0.11750407069921494,0.959375
41,160,0.16123954337090254,0.959375
41,170,0.11187764368951321,0.971875
41,180,0.07641239576041699,0.984375
41,190,0.1948235910385847,0.946875
41,200,0.13194779306650162,0.9625
41,210,0.11986856870353221,0.9625
41,220,0.12351602353155614,0.959375
41,230,0.13603327199816703,0.959375
41,240,0.14909790456295013,0.9625
41,250,0.11261939443647861,0.975
41,260,0.1434286929666996,0.9625
41,270,0.12107547000050545,0.9625
41,280,0.19464466273784636,0.934375
41,290,0.18073434755206108,0.95
41,300,0.1344382394105196,0.95
42,10,0.13996931165456772,0.946875
42,20,0.10481042042374611,0.98125
42,30,0.10223818644881248,0.9625
42,40,0.1353537619113922,0.959375
42,50,0.13294684663414955,0.95625
42,60,0.14699077382683753,0.946875
42,70,0.22701970748603345,0.93125
42,80,0.1736128717660904,0.94375
42,90,0.12159678973257541,0.96875
42,100,0.14661906585097312,0.9625
42,110,0.2300675019621849,0.934375
42,120,0.14816520027816296,0.95625
42,130,0.162692067399621,0.946875
42,140,0.16410271488130093,0.953125
42,150,0.1530978072434664,0.946875
42,160,0.12890757583081722,0.965625
42,170,0.14057574719190596,0.953125
42,180,0.13917499482631684,0.965625
42,190,0.13608897142112256,0.965625
42,200,0.12529080584645272,0.96875
42,210,0.1356991084292531,0.95
42,220,0.18792336154729128,0.9375
42,230,0.15254411548376084,0.946875
42,240,0.14450616668909788,0.95625
42,250,0.17767151072621346,0.953125
42,260,0.158569648116827,0.965625
42,270,0.16765582486987113,0.95625
42,280,0.21750730127096177,0.91875
42,290,0.16966157555580139,0.940625
42,300,0.16754277162253856,0.95
43,10,0.17882284596562387,0.95625
43,20,0.14260123074054717,0.96875
43,30,0.09517553672194481,0.971875
43,40,0.13877949081361293,0.9625
43,50,0.12917181849479675,0.959375
43,60,0.10838570408523082,0.971875
43,70,0.1481689065694809,0.946875
43,80,0.18277159295976161,0.940625
43,90,0.2295480564236641,0.928125
43,100,0.18070874437689782,0.940625
43,110,0.1229298036545515,0.95625
43,120,0.2789550557732582,0.91875
43,130,0.13116328418254852,0.959375
43,140,0.14581066370010376,0.96875
43,150,0.12818236630409957,0.95625
43,160,0.1747147999703884,0.95625
43,170,0.1473711423575878,0.95
43,180,0.1691930215805769,0.953125
43,190,0.1389772567898035,0.9625
43,200,0.19777556359767914,0.95
43,210,0.18243577964603902,0.940625
43,220,0.1424313299357891,0.9625
43,230,0.15783334374427796,0.95
43,240,0.18271737024188042,0.940625
43,250,0.12501836474984884,0.971875
43,260,0.22570172548294068,0.925
43,270,0.19512097761034966,0.953125
43,280,0.14010393023490905,0.9625
43,290,0.13209232911467553,0.965625
43,300,0.130170326679945,0.9625
44,10,0.1555424053221941,0.953125
44,20,0.16136741414666175,0.959375
44,30,0.11962613388895989,0.9625
44,40,0.11824179738759995,0.96875
44,50,0.12094844151288271,0.971875
44,60,0.1306374292820692,0.965625
44,70,0.12639136835932732,0.953125
44,80,0.10903598740696907,0.96875
44,90,0.09839569851756096,0.971875
44,100,0.08259622119367123,0.978125
44,110,0.16373863779008388,0.946875
44,120,0.1363102462142706,0.953125
44,130,0.14763172082602977,0.953125
44,140,0.087202675268054,0.98125
44,150,0.1822789117693901,0.946875
44,160,0.14982766285538673,0.940625
44,170,0.12851411886513234,0.9625
44,180,0.2088260380551219,0.928125
44,190,0.19160270486027003,0.946875
44,200,0.14341685883700847,0.9625
44,210,0.20314578600227834,0.940625
44,220,0.1724657889455557,0.953125
44,230,0.22286776304244996,0.946875
44,240,0.23422347083687783,0.934375
44,250,0.19794199913740157,0.934375
44,260,0.18167024254798889,0.95
44,270,0.17055524289608,0.94375
44,280,0.11804043129086494,0.953125
44,290,0.11585254669189453,0.9625
44,300,0.17160822339355947,0.95
45,10,0.13008137233555317,0.95625
45,20,0.12939310558140277,0.971875
45,30,0.13072022944688796,0.96875
45,40,0.15027021691203118,0.9625
45,50,0.15353550724685192,0.9625
45,60,0.14228873308748008,0.95625
45,70,0.13118304498493671,0.96875
45,80,0.1665885668247938,0.95
45,90,0.14774736501276492,0.953125
45,100,0.12760479804128408,0.971875
45,110,0.11355885080993175,0.953125
45,120,0.18530625365674497,0.94375
45,130,0.16224871743470431,0.946875
45,140,0.12268304638564587,0.965625
45,150,0.09689342230558395,0.978125
45,160,0.14518248587846755,0.95
45,170,0.13307103998959063,0.965625
45,180,0.13966629952192305,0.9625
45,190,0.1327569767832756,0.96875
45,200,0.10766266696155072,0.971875
45,210,0.10373002868145705,0.96875
45,220,0.110872707888484,0.9625
45,230,0.21033617928624154,0.94375
45,240,0.22983687818050386,0.940625
45,250,0.15603575780987738,0.95
45,260,0.1729810990393162,0.959375
45,270,0.1265931524336338,0.9625
45,280,0.154770889878273,0.953125
45,290,0.1801770817488432,0.95
45,300,0.14094492215663196,0.953125
46,10,0.1277160642668605,0.965625
46,20,0.2505640983581543,0.925
46,30,0.1397455357015133,0.95
46,40,0.12224030084908008,0.96875
46,50,0.08337356895208359,0.971875
46,60,0.11416681297123432,0.9625
46,70,0.13545653745532035,0.946875
46,80,0.13820313885807992,0.946875
46,90,0.12739205323159694,0.9625
46,100,0.1667904656380415,0.959375
46,110,0.11150623559951782,0.96875
46,120,0.09793749637901783,0.96875
46,130,0.15409055426716806,0.94375
46,140,0.08880675565451383,0.96875
46,150,0.1089086527004838,0.965625
46,160,0.16821797639131547,0.959375
46,170,0.14714382886886596,0.959375
46,180,0.16046168543398381,0.946875
46,190,0.1279927384108305,0.9625
46,200,0.15845435559749604,0.946875
46,210,0.09748325422406197,0.975
46,220,0.12906924933195113,0.95625
46,230,0.16832891516387463,0.95625
46,240,0.09578538611531258,0.971875
46,250,0.1843495223671198,0.946875
46,260,0.16632914692163467,0.953125
46,270,0.15135938078165054,0.95
46,280,0.09758618529886007,0.978125
46,290,0.15770250633358956,0.94375
46,300,0.08797449916601181,0.971875
47,10,0.12565604522824286,0.95625
47,20,0.1992716372013092,0.94375
47,30,0.13006023243069648,0.95625
47,40,0.10604422204196454,0.96875
47,50,0.141714408993721,0.95625
47,60,0.12255212161689996,0.953125
47,70,0.17612909357994794,0.95625
47,80,0.17192405834794044,0.94375
47,90,0.14204721078276633,0.953125
47,100,0.10705362409353256,0.978125
47,110,0.1361626747995615,0.9625
47,120,0.14759366363286971,0.946875
47,130,0.15216976627707482,0.953125
47,140,0.1154562070965767,0.959375
47,150,0.09242890737950801,0.98125
47,160,0.13762385882437228,0.9625
47,170,0.14185547903180123,0.96875
47,180,0.10411938428878784,0.971875
47,190,0.11826704777777194,0.9625
47,200,0.1439292822033167,0.95
47,210,0.14677701331675053,0.95
47,220,0.13974650092422963,0.9625
47,230,0.1177849680185318,0.96875
47,240,0.13957637622952462,0.953125
47,250,0.19949605390429498,0.940625
47,260,0.19511418268084527,0.940625
47,270,0.1667636428028345,0.9625
47,280,0.1617934912443161,0.953125
47,290,0.21999848559498786,0.93125
47,300,0.25539077706635,0.946875
48,10,0.2850197315216064,0.91875
48,20,0.20671508219093085,0.93125
48,30,0.1413484051823616,0.953125
48,40,0.17164395041763783,0.971875
48,50,0.16002256833016873,0.959375
48,60,0.11260363012552262,0.965625
48,70,0.12955081276595592,0.95625
48,80,0.16409591101109983,0.95
48,90,0.1153969144448638,0.959375
48,100,0.10945021212100983,0.959375
48,110,0.09659744706004858,0.9625
48,120,0.09787742830812932,0.965625
48,130,0.14656044617295266,0.95625
48,140,0.0955905782058835,0.965625
48,150,0.2019536281004548,0.95
48,160,0.14845000952482224,0.959375
48,170,0.165017718821764,0.9625
48,180,0.1291440762579441,0.953125
48,190,0.15229967683553697,0.953125
48,200,0.09882847331464291,0.96875
48,210,0.1382443869486451,0.95625
48,220,0.1877952605485916,0.94375
48,230,0.10541802681982518,0.959375
48,240,0.11935467906296253,0.959375
48,250,0.1529975090175867,0.95
48,260,0.09838177412748336,0.971875
48,270,0.16116189025342464,0.959375
48,280,0.15054621994495393,0.95625
48,290,0.1687042135745287,0.94375
48,300,0.16797680035233498,0.946875
49,10,0.10174759216606617,0.9625
49,20,0.07594914473593235,0.978125
49,30,0.09464775957167149,0.975
49,40,0.11411692723631858,0.9625
49,50,0.12534117922186852,0.96875
49,60,0.10501381605863572,0.975
49,70,0.11749049536883831,0.959375
49,80,0.07309692092239857,0.9875
49,90,0.09377519451081753,0.98125
49,100,0.08573051504790782,0.975
49,110,0.09701383765786886,0.975
49,120,0.13501256853342056,0.9625
49,130,0.06388321667909622,0.98125
49,140,0.13908202219754456,0.9625
49,150,0.07765473574399948,0.98125
49,160,0.1200685366988182,0.9625
49,170,0.11655835770070552,0.9625
49,180,0.10266695097088814,0.965625
49,190,0.17711838334798813,0.965625
49,200,0.0975802954286337,0.978125
49,210,0.1917646910995245,0.9375
49,220,0.10381045490503311,0.975
49,230,0.20206600613892078,0.946875
49,240,0.0841468470171094,0.971875
49,250,0.1454664135351777,0.95625
49,260,0.14498684238642454,0.946875
49,270,0.16405506171286105,0.95
49,280,0.13230346981436014,0.959375
49,290,0.17494484707713126,0.934375
49,300,0.10180768221616746,0.965625
